1.033,30,31,33
B0,mixamorig_Hips,-1,0.5818259716033936,-0.009860999882221222,0.8132529854774475,0,-0.12383799999952316,0.9871929883956909,0.10056699812412262,0,-0.8038300275802612,-0.1592240035533905,0.5731539726257324,0,0.010235999710857868,0.8401560187339783,-0.012659000232815742,1
B1,mixamorig_Spine,0,0.996383011341095,-0.050725001841783524,-0.0681689977645874,0,0.0568699985742569,0.9941830039024353,0.09146799892187119,0,0.06313300132751465,-0.09501399844884872,0.9934719800949097,0,0,0.08873499929904938,-0.003043999895453453,1
B2,mixamorig_Spine1,1,0.9988700151443481,0.041877999901771545,-0.022487999871373177,0,-0.04138199985027313,0.9988999962806702,0.022071000188589096,0,0.023388000205159187,-0.021115999668836594,0.9995030164718628,0,0,0.10358499735593796,0,1
B3,mixamorig_Spine2,2,0.9995750188827515,0.01916700042784214,-0.02195199951529503,0,-0.019082000479102135,0.999809980392456,0.0040699997916817665,0,0.022026000544428825,-0.0036490000784397125,0.9997509717941284,0,0,0.1183829978108406,0,1
B4,mixamorig_Neck,3,0.985069990158081,-0.02706499956548214,-0.17001600563526154,0,0.027000999078154564,0.9996320009231567,-0.0026889999862760305,0,0.1700260043144226,-0.0019409999949857593,0.9854379892349243,0,0,0.13318100571632385,0,1
B5,mixamorig_Head,4,0.9123830199241638,-0.11264300346374512,-0.39353299140930176,0,0.07962500303983688,0.9918659925460815,-0.0993029996752739,0,0.40151798725128174,0.05926699936389923,0.9139320254325867,0,0,0.11284200102090836,0.028209000825881958,1
B6,mixamorig_HeadTop_End,5,1,0,0,0,0,1,0,0,0,0,1,0,0,0.3948740065097809,0.0987119972705841,1
B7,mixamorig_LeftShoulder,3,0.15488100051879883,-0.04165700078010559,-0.9870550036430359,0,0.9415709972381592,-0.29625099897384644,0.16024699807167053,0,-0.29909101128578186,-0.9542009830474854,-0.006659999955445528,0,0.05356400087475777,0.11750900000333786,-0.0008880000095814466,1
B8,mixamorig_LeftArm,7,0.49204400181770325,0.7058640122413635,-0.5095580220222473,0,-0.17221100628376007,0.6526669859886169,0.7378140091896057,0,0.8533679842948914,-0.275285005569458,0.44269800186157227,0,0,0.10648400336503983,0,1
B9,mixamorig_LeftForeArm,8,-0.32468000054359436,0.9121969938278198,0.2499600052833557,0,-0.8046799898147583,-0.12752099335193634,-0.579850971698761,0,-0.497063010931015,-0.3894039988517761,0.7754309773445129,0,0,0.3087559938430786,0,1
B10,mixamorig_LeftHand,9,0.9997090101242065,-0.0025140000507235527,0.023989999666810036,0,0.0011360000353306532,0.9983569979667664,0.05728200078010559,0,-0.024095000699162483,-0.05723800137639046,0.9980700016021729,0,0,0.23405499756336212,0,1
B11,mixamorig_LeftHandIndex1,10,-0.9861189723014832,0.15033000707626343,0.07049199938774109,0,0.09372600167989731,0.15354600548744202,0.9836869835853577,0,0.13705399632453918,0.9766389727592468,-0.16550399363040924,0,0,0.06599000096321106,0,1
B12,mixamorig_LeftHandIndex2,11,0.9742019772529602,0.1686680018901825,-0.14993999898433685,0,-0.1999790072441101,0.9531019926071167,-0.2271679937839508,0,0.10459200292825699,0.25129199028015137,0.9622439742088318,0,0,0.04309700056910515,0,1
B13,mixamorig_LeftHandIndex3,12,0.5541560053825378,-0.2074819952249527,-0.8061400055885315,0,-0.6075140237808228,0.5612519979476929,-0.5620700120925903,0,0.5690680146217346,0.8012160062789917,0.18497300148010254,0,-0.003766000038012862,0.03990999981760979,-0.05057400092482567,1
B14,mixamorig_LeftHandIndex4,13,1,0,0,0,0,1,0,0,0,0,1,0,0.01626800000667572,0.010591999627649784,-0.02060599997639656,1
B15,mixamorig_RightShoulder,3,-0.33347100019454956,0.12325800210237503,0.9346680045127869,0,-0.9092050194740295,-0.3041970133781433,-0.2842710018157959,0,0.2492849975824356,-0.9446009993553162,0.2135079950094223,0,-0.05356400087475777,0.11748500168323517,-0.0001880000054370612,1
B16,mixamorig_RightArm,15,0.5811439752578735,-0.6232219934463501,0.5233219861984253,0,-0.06474000215530396,0.6056159734725952,0.7931190133094788,0,-0.8112210035324097,-0.4947960078716278,0.31160300970077515,0,0,0.10648400336503983,0,1
B17,mixamorig_RightForeArm,16,0.22368499636650085,-0.9559990167617798,-0.1898210048675537,0,0.7501630187034607,0.29320698976516724,-0.5926929712295532,0,0.6222710013389587,-0.009820000268518925,0.7827399969100952,0,0,0.310806006193161,0,1
B18,mixamorig_RightHand,17,0.8973619937896729,-0.4388599991798401,0.04628999903798103,0,0.4170660078525543,0.8776950240135193,0.23602400720119476,0,-0.14420999586582184,-0.1924930065870285,0.9706439971923828,0,0,0.2348410040140152,0,1
B19,mixamorig_RightHandIndex1,18,0.9869449734687805,0.1485539972782135,0.062224000692367554,0,-0.12680499255657196,0.47850900888442993,0.8688780069351196,0,0.09929999709129333,-0.8654249906539917,0.491100013256073,0,0,0.04594799876213074,0,1
B20,mixamorig_RightHandIndex2,19,0.9845029711723328,0.08166199922561646,0.1551939994096756,0,-0.1750440001487732,0.5113459825515747,0.84135901927948,0,-0.01065099984407425,-0.8554859757423401,0.5177159905433655,0,0,0.052184998989105225,0,1
B21,mixamorig_RightHandIndex3,20,0.8372290134429932,0.2955709993839264,0.4600920081138611,0,-0.5086579918861389,0.7298240065574646,0.45675399899482727,0,-0.20078299939632416,-0.6164370179176331,0.7613739967346191,0,0.005311999935656786,0.059686001390218735,0.008244000375270844,1
B22,mixamorig_RightHandIndex4,21,1,0,0,0,0,1,0,0,0,0,1,0,0.013464000076055527,0.02288700081408024,0.014065999537706375,1
B23,mixamorig_LeftUpLeg,0,-0.6688119769096375,0.01892399974167347,0.7431899905204773,0,0.6177710294723511,-0.5419859886169434,0.5697450041770935,0,0.4135810136795044,0.8401740193367004,0.35079601407051086,0,0.12488999962806702,-0.04928499832749367,0.0067079998552799225,1
B24,mixamorig_LeftLeg,23,0.9637159705162048,-0.10312700271606445,-0.24620400369167328,0,-0.13738399744033813,0.5991809964179993,-0.7887380123138428,0,0.228861004114151,0.7939440011978149,0.5632719993591309,0,0,0.4805760085582733,0,1
B25,mixamorig_LeftFoot,24,0.9737539887428284,-0.20278899371623993,0.10333999991416931,0,-0.03438099846243858,0.31777000427246094,0.9475439786911011,0,-0.22498999536037445,-0.9262279868125916,0.3024579882621765,0,0,0.39259400963783264,0,1
B26,mixamorig_LeftToeBase,25,0.9966070055961609,0.06203899905085564,-0.05409400165081024,0,-0.0312890000641346,0.8934029936790466,0.44816499948501587,0,0.07613100111484528,-0.44495201110839844,0.8923130035400391,0,0,0.2655330002307892,0,1
B27,mixamorig_LeftToe_End,26,1,0,0,0,0,1,0,0,0,0,1,0,0,0.1120460033416748,0,1
B28,mixamorig_RightUpLeg,0,-0.7616459727287292,0.3416469991207123,-0.5506119728088379,0,-0.5596399903297424,-0.7751500010490417,0.2931640148162842,0,-0.3266479969024658,0.5314319729804993,0.7815889716148376,0,-0.12488999962806702,-0.04928499832749367,0.004391999915242195,1
B29,mixamorig_RightLeg,28,0.9902409911155701,-0.10778900235891342,0.08833599835634232,0,0.13673800230026245,0.6290460228919983,-0.7652469873428345,0,0.026917999610304832,0.7698590159416199,0.6376469731330872,0,0,0.4809130132198334,0,1
B30,mixamorig_RightFoot,29,0.8215479850769043,0.57014000415802,-0.0002579999854788184,0,-0.01672299951314926,0.02454799972474575,0.9995589852333069,0,0.569894015789032,-0.8211809992790222,0.029702000319957733,0,0,0.3934980034828186,0,1
B31,mixamorig_RightToeBase,30,0.9940339922904968,-0.10810600221157074,0.014500999823212624,0,0.09388899803161621,0.9157130122184753,0.3907110095024109,0,-0.05551699921488762,-0.38701900839805603,0.920399010181427,0,0,0.27194899320602417,0,1
B32,mixamorig_RightToe_End,31,1,0,0,0,0,1,0,0,0,0,1,0,0,0.11006300151348114,0,1
@28,0,1,2,3,4,5,7,8,9,10,11,12,13,15,16,17,18,19,20,21,23,24,25,26,28,29,30,31
K0,0.5818260312080383,-0.009860697202384472,0.8132529258728027,0,-0.12383769452571869,0.9871929883956909,0.10056698322296143,0,-0.8038300275802612,-0.1592240184545517,0.5731539130210876,0,0.010235999710857868,0.8401560187339783,-0.012659000232815742,1,0.996383011341095,-0.050724536180496216,-0.06816910207271576,0,0.056870464235544205,0.9941830039024353,0.09146800637245178,0,0.06313289701938629,-0.09501399099826813,0.9934719800949097,0,0,0.08873499929904938,-0.003043999895453453,1,0.9988699555397034,0.04187782481312752,-0.02248823270201683,0,-0.04138217493891716,0.9988999366760254,0.022071287035942078,0,0.023387765511870384,-0.021115709096193314,0.9995030164718628,0,0,0.10358499735593796,0,1,0.9995750188827515,0.019166937097907066,-0.021952079609036446,0,-0.01908206380903721,0.999809980392456,0.004069809801876545,0,0.02202591858804226,-0.0036491898354142904,0.9997509717941284,0,0,0.1183829978108406,0,1,0.9850700497627258,-0.027065036818385124,-0.17001593112945557,0,0.02700096368789673,0.9996320009231567,-0.0026893727481365204,0,0.17002609372138977,-0.001941372756846249,0.9854379892349243,0,0,0.13318100571632385,0,1,0.9123830199241638,-0.11264332383871078,-0.3935328423976898,0,0.07962467521429062,0.9918660521507263,-0.0993027314543724,0,0.4015180766582489,0.05926726758480072,0.9139319062232971,0,0,0.11284200102090836,0.028209000825881958,1,0.15488100051879883,-0.04165729135274887,-0.9870549440383911,0,0.9415711164474487,-0.29625046253204346,0.1602468192577362,0,-0.29909077286720276,-0.9542009830474854,-0.006660203915089369,0,0.05356400087475777,0.11750900000333786,-0.0008880000095814466,1,0.49204370379447937,0.7058641910552979,-0.5095581412315369,0,-0.1722109019756317,0.6526671051979065,0.7378138303756714,0,0.8533679246902466,-0.27528512477874756,0.44269809126853943,0,0,0.10648400336503983,0,1,-0.32467976212501526,0.9121971726417542,0.24995975196361542,0,-0.8046801686286926,-0.12752069532871246,-0.5798507928848267,0,-0.49706342816352844,-0.38940370082855225,0.7754308581352234,0,0,0.3087559938430786,0,1,0.9997090101242065,-0.002514002611860633,0.023990197107195854,0,0.001135997474193573,0.9983569979667664,0.057281944900751114,0,-0.024094803258776665,-0.05723806098103523,0.9980700016021729,0,0,0.23405499756336212,0,1,-0.9861189126968384,0.15033024549484253,0.07049209624528885,0,0.09372575581073761,0.1535458117723465,0.9836870431900024,0,0.13705410063266754,0.976638913154602,-0.16550421714782715,0,0,0.06599000096321106,0,1,0.9742019772529602,0.16866829991340637,-0.14993993937969208,0,-0.19997870922088623,0.9531020522117615,-0.22716782987117767,0,0.10459206253290176,0.2512921392917633,0.9622439742088318,0,0,0.04309700056910515,0,1,0.5541556477546692,-0.2074820101261139,-0.8061402440071106,0,-0.6075140237808228,0.561252236366272,-0.5620697736740112,0,0.5690677165985107,0.801216185092926,0.18497298657894135,0,-0.003766000038012862,0.03990999981760979,-0.05057400092482567,1,-0.3334709107875824,0.12325786799192429,0.9346680045127869,0,-0.9092049598693848,-0.30419716238975525,-0.2842707335948944,0,0.24928486347198486,-0.9446010589599609,0.21350771188735962,0,-0.05356400087475777,0.11748500168323517,-0.0001880000054370612,1,0.5811440348625183,-0.6232219934463501,0.5233218669891357,0,-0.06474000215530396,0.6056160926818848,0.793118953704834,0,-0.8112211227416992,-0.49479609727859497,0.3116026818752289,0,0,0.10648400336503983,0,1,0.22368444502353668,-0.9559991955757141,-0.18982115387916565,0,0.7501627802848816,0.2932068109512329,-0.5926933288574219,0,0.6222707629203796,-0.00982047338038683,0.7827402353286743,0,0,0.310806006193161,0,1,0.8973621129989624,-0.438859760761261,0.046290021389722824,0,0.41706621646881104,0.8776949644088745,0.23602399230003357,0,-0.14420998096466064,-0.1924930214881897,0.9706439971923828,0,0,0.2348410040140152,0,1,0.9869449734687805,0.14855384826660156,0.062224291265010834,0,-0.1268051415681839,0.47850918769836426,0.8688779473304749,0,0.09930029511451721,-0.8654252290725708,0.4910997152328491,0,0,0.04594799876213074,0,1,0.9845029711723328,0.0816619023680687,0.15519410371780396,0,-0.17504408955574036,0.5113459825515747,0.8413589000701904,0,-0.010650905780494213,-0.8554859757423401,0.5177159309387207,0,0,0.052184998989105225,0,1,0.8372290730476379,0.2955707609653473,0.4600920081138611,0,-0.508658230304718,0.729823887348175,0.4567539393901825,0,-0.20078296959400177,-0.6164370179176331,0.7613739967346191,0,0.005311999935656786,0.059686001390218735,0.008244000375270844,1,-0.6688116192817688,0.018923915922641754,0.7431902289390564,0,0.6177709698677063,-0.5419860482215881,0.5697450637817383,0,0.41358083486557007,0.8401740789413452,0.3507962226867676,0,0.12488999962806702,-0.04928499832749367,0.0067079998552799225,1,0.9637159109115601,-0.10312681645154953,-0.24620413780212402,0,-0.1373838186264038,0.5991808176040649,-0.7887381315231323,0,0.22886085510253906,0.7939439415931702,0.5632721781730652,0,0,0.4805760085582733,0,1,0.9737539887428284,-0.20278915762901306,0.10333991795778275,0,-0.034381162375211716,0.31777000427246094,0.9475439786911011,0,-0.22499006986618042,-0.9262280464172363,0.3024578094482422,0,0,0.39259400963783264,0,1,0.9966070055961609,0.06203896924853325,-0.05409375950694084,0,-0.031289029866456985,0.8934029340744019,0.44816505908966064,0,0.07613124698400497,-0.44495198130607605,0.8923129439353943,0,0,0.2655330002307892,0,1,-0.761646032333374,0.34164708852767944,-0.5506118535995483,0,-0.5596398711204529,-0.7751500010490417,0.29316428303718567,0,-0.3266480565071106,0.5314317345619202,0.781589150428772,0,-0.12488999962806702,-0.04928499832749367,0.004391999915242195,1,0.9902409315109253,-0.10778927057981491,0.0883360356092453,0,0.13673773407936096,0.6290460824966431,-0.7652470469474792,0,0.026918035000562668,0.7698590159416199,0.6376469731330872,0,0,0.4809130132198334,0,1,0.8215478658676147,0.5701400637626648,-0.00025742503930814564,0,-0.016722744330763817,0.02454805001616478,0.9995590448379517,0,0.569894552230835,-0.8211807012557983,0.029701676219701767,0,0,0.3934980034828186,0,1,0.994033932685852,-0.10810624808073044,0.014500969089567661,0,0.09388873726129532,0.9157128930091858,0.39071133732795715,0,-0.055517032742500305,-0.38701868057250977,0.9203991889953613,0,0,0.27194899320602417,0,1
K0.033,0.5683509111404419,0.02197503112256527,0.8224929571151733,0,-0.15681463479995728,0.9842129349708557,0.082064688205719,0,-0.8077040314674377,-0.17562030255794525,0.5628237724304199,0,0.016257090494036674,0.8407899737358093,-0.018192952498793602,1,0.998320996761322,-0.022521626204252243,-0.05337058752775192,0,0.027284812182188034,0.9955440163612366,0.09026937186717987,0,0.051099710166454315,-0.09157391637563705,0.9944860339164734,0,0,0.08873499929904938,-0.003043999895453453,1,0.9991970062255859,0.035281963646411896,-0.01900710165500641,0,-0.03521673008799553,0.9993730187416077,0.0037560572382062674,0,0.019127685576677322,-0.003083669813349843,0.9998120069503784,0,0,0.10358499735593796,0,1,0.9996830224990845,0.016761865466833115,-0.018812092021107674,0,-0.01693790592253208,0.999813973903656,-0.009238224476575851,0,0.01865372247993946,0.009553924202919006,0.999779999256134,0,0,0.1183829978108406,0,1,0.9839789271354675,-0.03274308145046234,-0.17525020241737366,0,0.030870061367750168,0.9994339942932129,-0.013404021970927715,0,0.1755899339914322,0.007779292296618223,0.9844330549240112,0,0,0.13318100571632385,0,1,0.9046227931976318,-0.11852812767028809,-0.4093993902206421,0,0.08099798113107681,0.9908570051193237,-0.1078941747546196,0,0.41844502091407776,0.06444303691387177,0.9059529304504395,0,0,0.11284200102090836,0.028209000825881958,1,0.13940419256687164,-0.0239951703697443,-0.9899451732635498,0,0.9488552212715149,-0.2827408015727997,0.1404712200164795,0,-0.2832683324813843,-0.9588962197303772,-0.016647299751639366,0,0.05356400087475777,0.11750900000333786,-0.0008880000095814466,1,0.5984315872192383,0.6750341653823853,-0.431519091129303,0,-0.3054264187812805,0.6901517510414124,0.6560525298118591,0,0.7406714558601379,-0.26080521941185,0.6191818118095398,0,0,0.10648400336503983,0,1,-0.10185687243938446,0.8898417949676514,0.44475558400154114,0,-0.7478405237197876,0.22633413970470428,-0.6241052150726318,0,-0.6560178399085999,-0.39617547392845154,0.6424057483673096,0,0,0.3087559938430786,0,1,0.9987828731536865,0.04779471457004547,-0.0121952835470438,0,-0.04614172503352165,0.9926917552947998,0.11150674521923065,0,0.0174355898052454,-0.11080831289291382,0.9936888217926025,0,0,0.23405499756336212,0,1,-0.9861199855804443,0.15032987296581268,0.07049166411161423,0,0.09372515231370926,0.15354591608047485,0.9836868643760681,0,0.13705365359783173,0.976638913154602,-0.1655040979385376,0,0,0.06599000096321106,0,1,0.9742020964622498,0.16866885125637054,-0.14993956685066223,0,-0.19997917115688324,0.9531018733978271,-0.22716835141181946,0,0.10459145158529282,0.2512926459312439,0.9622440338134766,0,0,0.04309700056910515,0,1,0.5541560053825378,-0.20748195052146912,-0.8061400651931763,0,-0.6075140237808228,0.5612519383430481,-0.5620701313018799,0,0.569067120552063,0.8012160062789917,0.18497298657894135,0,-0.003766000038012862,0.03990999981760979,-0.05057400092482567,1,-0.21363486349582672,0.11840131878852844,0.9697123765945435,0,-0.9559694528579712,-0.22977608442306519,-0.18255166709423065,0,0.20120222866535187,-0.9660143256187439,0.16227611899375916,0,-0.05356400087475777,0.11748500168323517,-0.0001880000054370612,1,0.6516972780227661,-0.5754150748252869,0.4941534698009491,0,0.004693495575338602,0.654552698135376,0.7560014128684998,0,-0.7584648132324219,-0.490365207195282,0.42927128076553345,0,0,0.10648400336503983,0,1,-0.1280806064605713,-0.9531919956207275,-0.27390050888061523,0,0.8010026812553406,0.06342664361000061,-0.5952916145324707,0,0.5847994089126587,-0.29564008116722107,0.7553849816322327,0,0,0.310806006193161,0,1,0.9878002405166626,-0.11910901218652725,0.10031692683696747,0,0.09982430934906006,0.9787454009056091,0.17914149165153503,0,-0.11952216178178787,-0.16694201529026031,0.9786953926086426,0,0,0.2348410040140152,0,1,0.9869450330734253,0.14855410158634186,0.062225088477134705,0,-0.12680591642856598,0.4785088896751404,0.8688780665397644,0,0.0993000790476799,-0.8654248714447021,0.49109920859336853,0,0,0.04594799876213074,0,1,0.9845030307769775,0.08166218549013138,0.15519359707832336,0,-0.17504380643367767,0.5113459825515747,0.8413589596748352,0,-0.010650401934981346,-0.8554859757423401,0.5177159905433655,0,0,0.052184998989105225,0,1,0.8372291326522827,0.29557085037231445,0.46009185910224915,0,-0.5086581110954285,0.7298240661621094,0.4567537307739258,0,-0.2007831335067749,-0.6164371967315674,0.761374831199646,0,0.005311999935656786,0.059686001390218735,0.008244000375270844,1,-0.6794581413269043,0.04476938396692276,0.7323479652404785,0,0.5889967679977417,-0.5619101524353027,0.5808099508285522,0,0.43751591444015503,0.8259859681129456,0.355425089597702,0,0.12488999962806702,-0.04928499832749367,0.0067079998552799225,1,0.9697499871253967,-0.07638678699731827,-0.2318420559167862,0,-0.13575305044651031,0.6205861568450928,-0.7722978591918945,0,0.20287136733531952,0.7804092764854431,0.5914438366889954,0,0,0.4805760085582733,0,1,0.9719769358634949,-0.2104429304599762,0.10475543141365051,0,-0.028993777930736542,0.33490321040153503,0.9418059587478638,0,-0.23327961564064026,-0.9184520840644836,0.3194170594215393,0,0,0.39259400963783264,0,1,0.9966069459915161,0.062039103358983994,-0.05409431830048561,0,-0.03128894791007042,0.8934029340744019,0.4481641352176666,0,0.07613175362348557,-0.44495105743408203,0.8923130035400391,0,0,0.2655330002307892,0,1,-0.7552868127822876,0.3519304096698761,-0.552888810634613,0,-0.5870101451873779,-0.7384347915649414,0.3318629860877991,0,-0.2914799749851227,0.5752036571502686,0.7643176317214966,0,-0.12488999962806702,-0.04928499832749367,0.004391999915242195,1,0.989778995513916,-0.10868960618972778,0.09232600033283234,0,0.1397324502468109,0.6097477674484253,-0.7801811099052429,0,0.028501998633146286,0.7851079106330872,0.6187030673027039,0,0,0.4809130132198334,0,1,0.8209831714630127,0.5709426999092102,0.0032182016875594854,0,-0.021176544949412346,0.0248169656842947,0.9994680881500244,0,0.5705592036247253,-0.8206148743629456,0.032464899122714996,0,0,0.3934980034828186,0,1,0.994035005569458,-0.10809998959302902,0.014481432735919952,0,0.09388700872659683,0.9156880378723145,0.390768826007843,0,-0.05550255998969078,-0.3870781660079956,0.9203749299049377,0,0,0.27194899320602417,0,1
K0.067,0.5547962188720703,0.053680457174777985,0.8302528858184814,0,-0.18987396359443665,0.9797509908676147,0.06353231519460678,0,-0.810029923915863,-0.1928907185792923,0.5537541508674622,0,0.025089917704463005,0.8409249782562256,-0.013521043583750725,1,0.9998270273208618,0.003597504459321499,-0.018273640424013138,0,-0.0016629796009510756,0.9944920539855957,0.10479563474655151,0,0.01854999177157879,-0.10474712401628494,0.9943259954452515,0,0,0.08873499929904938,-0.003043999895453453,1,0.9997469782829285,0.02066005952656269,-0.008865362033247948,0,-0.02074621431529522,0.999737024307251,-0.009738645516335964,0,0.008661831729114056,0.009920107200741768,0.9999129772186279,0,0,0.10358499735593796,0,1,0.9999369978904724,0.005749257747083902,-0.00964309647679329,0,-0.005908949300646782,0.9998449683189392,-0.016613971441984177,0,0.009546074084937572,0.01666989177465439,0.9998149871826172,0,0,0.1183829978108406,0,1,0.9823279976844788,-0.04119885340332985,-0.1825769543647766,0,0.03642001003026962,0.9989020228385925,-0.029451819136738777,0,0.183589905500412,0.022281896322965622,0.9827499985694885,0,0,0.13318100571632385,0,1,0.8927689790725708,-0.12771323323249817,-0.43203285336494446,0,0.0828496515750885,0.9891639947891235,-0.12120313942432404,0,0.4428307116031647,0.07241266220808029,0.8936761617660522,0,0,0.11284200102090836,0.028209000825881958,1,0.12143317610025406,-0.006206430960446596,-0.9925799369812012,0,0.9558241963386536,-0.2689434587955475,0.11861809343099594,0,-0.26768407225608826,-0.9631359577178955,-0.026726389303803444,0,0.05356400087475777,0.11750900000333786,-0.0008880000095814466,1,0.7218049764633179,0.6128966808319092,-0.32148799300193787,0,-0.4064880311489105,0.7513776421546936,0.5198072195053101,0,0.5601471066474915,-0.24451839923858643,0.7914834022521973,0,0,0.10648400336503983,0,1,0.04935380816459656,0.7143380045890808,0.6980578899383545,0,-0.5778709053993225,0.5904736518859863,-0.5633883476257324,0,-0.8146343231201172,-0.3755819499492645,0.44193723797798157,0,0,0.3087559938430786,0,1,0.9846761226654053,0.170846089720726,-0.034987736493349075,0,-0.1559697985649109,0.9525015354156494,0.2615607678890228,0,0.07801251113414764,-0.25209560990333557,0.9645524024963379,0,0,0.23405499756336212,0,1,-0.9861188530921936,0.15033026039600372,0.07049215584993362,0,0.09372573345899582,0.1535453349351883,0.9836869239807129,0,0.13705416023731232,0.9766389727592468,-0.16550368070602417,0,0,0.06599000096321106,0,1,0.974202036857605,0.16866880655288696,-0.14994001388549805,0,-0.19997918605804443,0.9531019926071167,-0.22716780006885529,0,0.1045919880270958,0.2512921690940857,0.9622439742088318,0,0,0.04309700056910515,0,1,0.5541560053825378,-0.20748195052146912,-0.8061400651931763,0,-0.6075140237808228,0.5612519383430481,-0.5620701313018799,0,0.569067120552063,0.8012160062789917,0.18497298657894135,0,-0.003766000038012862,0.03990999981760979,-0.05057400092482567,1,-0.09912232309579849,0.08258479088544846,0.9916419982910156,0,-0.983928918838501,-0.1568785309791565,-0.08528637140989304,0,0.1485239565372467,-0.9841589331626892,0.09680771827697754,0,-0.05356400087475777,0.11748500168323517,-0.0001880000054370612,1,0.6949859261512756,-0.5428100824356079,0.4715418815612793,0,0.10044529289007187,0.7226722240447998,0.6838538646697998,0,-0.7119727730751038,-0.42790448665618896,0.5567695498466492,0,0,0.10648400336503983,0,1,-0.24319370090961456,-0.9419141411781311,-0.23163576424121857,0,0.805609941482544,-0.06313621252775192,-0.5890730023384094,0,0.5402310490608215,-0.3298666477203369,0.7741690874099731,0,0,0.310806006193161,0,1,0.9954621195793152,0.07168236374855042,0.0625867173075676,0,-0.07165923714637756,0.9974260926246643,-0.00261725764721632,0,-0.06261320412158966,-0.0018795349169522524,0.9980360269546509,0,0,0.2348410040140152,0,1,0.9869450330734253,0.14855407178401947,0.06222506985068321,0,-0.12680593132972717,0.4785092771053314,0.8688778877258301,0,0.0993000715970993,-0.865425169467926,0.49109983444213867,0,0,0.04594799876213074,0,1,0.9845030903816223,0.08166268467903137,0.15519388020038605,0,-0.17504428327083588,0.5113459229469299,0.8413589596748352,0,-0.010650117881596088,-0.8554859757423401,0.5177159905433655,0,0,0.052184998989105225,0,1,0.8372290730476379,0.29557105898857117,0.46009179949760437,0,-0.5086579322814941,0.7298239469528198,0.4567531645298004,0,-0.20078317821025848,-0.6164368391036987,0.7613750696182251,0,0.005311999935656786,0.059686001390218735,0.008244000375270844,1,-0.6984997987747192,0.06694068014621735,0.712472140789032,0,0.5544452667236328,-0.5788257718086243,0.5979558825492859,0,0.45242494344711304,0.8126990795135498,0.36719489097595215,0,0.12488999962806702,-0.04928499832749367,0.0067079998552799225,1,0.976701021194458,-0.049219101667404175,-0.2088860422372818,0,-0.13365985453128815,0.6220038533210754,-0.771522045135498,0,0.16790148615837097,0.7814658880233765,0.6009329557418823,0,0,0.4805760085582733,0,1,0.9704829454421997,-0.2186352163553238,0.10178807377815247,0,-0.024955343455076218,0.32875701785087585,0.9440850615501404,0,-0.23987390100955963,-0.9187590479850769,0.31359708309173584,0,0,0.39259400963783264,0,1,0.9962059855461121,0.06575965136289597,-0.05700048431754112,0,-0.03256529942154884,0.8890920877456665,0.45656871795654297,0,0.08070244640111923,-0.452980101108551,0.8878600597381592,0,0,0.2655330002307892,0,1,-0.7397689819335938,0.3703977167606354,-0.5617351531982422,0,-0.6200627684593201,-0.69944828748703,0.35537955164909363,0,-0.26127293705940247,0.6112098693847656,0.7471001148223877,0,-0.12488999962806702,-0.04928499832749367,0.004391999915242195,1,0.9894590377807617,-0.11063900589942932,0.09343483299016953,0,0.1418759673833847,0.6113139986991882,-0.7785670757293701,0,0.029021842405200005,0.7836160659790039,0.6205669641494751,0,0,0.4809130132198334,0,1,0.8155776858329773,0.5786144137382507,0.006125801242887974,0,-0.037017401307821274,0.04160682111978531,0.9984479546546936,0,0.577461838722229,-0.8145390152931213,0.05535243824124336,0,0,0.3934980034828186,0,1,0.9940369725227356,-0.1080830842256546,0.014408839866518974,0,0.09388691931962967,0.9155979156494141,0.3909810185432434,0,-0.055451154708862305,-0.3872968852519989,0.9202859997749329,0,0,0.27194899320602417,0,1
K0.100,0.534920871257782,0.08211669325828552,0.8409020304679871,0,-0.21894033253192902,0.9747418761253357,0.044087398797273636,0,-0.8160419464111328,-0.20769059658050537,0.5393882989883423,0,0.03541700914502144,0.8404219746589661,-0.0006159800104796886,1,0.9993289709091187,0.024227110669016838,0.027453025802969933,0,-0.027476917952299118,0.991782009601593,0.12495778501033783,0,-0.024200046434998512,-0.12562823295593262,0.991782009601593,0,0,0.08873499929904938,-0.003043999895453453,1,0.9999819993972778,0.003565021324902773,0.004752995911985636,0,-0.003495955839753151,0.9998890161514282,-0.01446093712002039,0,-0.004804024938493967,0.014444069005548954,0.9998840093612671,0,0,0.10358499735593796,0,1,0.9999650716781616,-0.007782220374792814,0.0031720269471406937,0,0.007832792587578297,0.9998369812965393,-0.01625686325132847,0,-0.0030449957121163607,0.016281140968203545,0.9998630285263062,0,0,0.1183829978108406,0,1,0.979529082775116,-0.05530316382646561,-0.19355784356594086,0,0.045086853206157684,0.9973670840263367,-0.056797850877046585,0,0.19618920981884003,0.04690820351243019,0.9794429540634155,0,0,0.13318100571632385,0,1,0.8722890019416809,-0.14436417818069458,-0.46719497442245483,0,0.08531983941793442,0.9857040047645569,-0.14528580009937286,0,0.48149004578590393,0.0868702158331871,0.8721359968185425,0,0,0.11284200102090836,0.028209000825881958,1,0.11239605396986008,0.008395282551646233,-0.9936280250549316,0,0.9609949588775635,-0.2552170753479004,0.10654833912849426,0,-0.25269627571105957,-0.9668468832969666,-0.036753203719854355,0,0.05356400087475777,0.11750900000333786,-0.0008880000095814466,1,0.8099942207336426,0.5473037958145142,-0.21063750982284546,0,-0.4429219365119934,0.8063539862632751,0.3919360339641571,0,0.38435643911361694,-0.22416993975639343,0.8955548405647278,0,0,0.10648400336503983,0,1,0.12376602739095688,0.4624730050563812,0.877953052520752,0,-0.3573558032512665,0.8461649417877197,-0.3953513503074646,0,-0.9257320761680603,-0.26481038331985474,0.26999375224113464,0,0,0.3087559938430786,0,1,0.9613409638404846,0.2739662826061249,-0.027685442939400673,0,-0.24471676349639893,0.8961201310157776,0.3702467381954193,0,0.12624457478523254,-0.3491581976413727,0.928520917892456,0,0,0.23405499756336212,0,1,-0.9861188530921936,0.15033026039600372,0.07049215584993362,0,0.09372573345899582,0.1535453349351883,0.9836869239807129,0,0.13705416023731232,0.9766389727592468,-0.16550368070602417,0,0,0.06599000096321106,0,1,0.974202036857605,0.16866879165172577,-0.14994005858898163,0,-0.19997923076152802,0.9531018733978271,-0.22716829180717468,0,0.10459194332361221,0.25129270553588867,0.9622440934181213,0,0,0.04309700056910515,0,1,0.5541560053825378,-0.20748195052146912,-0.8061400651931763,0,-0.6075140237808228,0.5612519383430481,-0.5620701313018799,0,0.569067120552063,0.8012160062789917,0.18497298657894135,0,-0.003766000038012862,0.03990999981760979,-0.05057400092482567,1,-0.002097872318699956,0.024452658370137215,0.9996989965438843,0,-0.9974009990692139,-0.07204939424991608,-0.00033073261147364974,0,0.07201959937810898,-0.9971010088920593,0.024540258571505547,0,-0.05356400087475777,0.11748500168323517,-0.0001880000054370612,1,0.7156500220298767,-0.5001239776611328,0.4875669479370117,0,0.14463898539543152,0.7890447974205017,0.597065269947052,0,-0.6833188533782959,-0.3567686080932617,0.6370173692703247,0,0,0.10648400336503983,0,1,-0.3574976623058319,-0.900776207447052,-0.24657054245471954,0,0.7969021201133728,-0.15655876696109772,-0.5834687948226929,0,0.4869725704193115,-0.40508177876472473,0.773800790309906,0,0,0.310806006193161,0,1,0.9898069500923157,0.1420511156320572,0.01021722424775362,0,-0.142041876912117,0.9898590445518494,-0.0016198511002585292,0,-0.010343707166612148,0.00015206601528916508,0.9999459981918335,0,0,0.2348410040140152,0,1,0.9869449734687805,0.14855384826660156,0.062224291265010834,0,-0.1268051415681839,0.47850918769836426,0.8688779473304749,0,0.09930029511451721,-0.8654252290725708,0.4910997152328491,0,0,0.04594799876213074,0,1,0.9845029711723328,0.0816619023680687,0.15519410371780396,0,-0.17504408955574036,0.5113459825515747,0.8413589000701904,0,-0.010650905780494213,-0.8554859757423401,0.5177159309387207,0,0,0.052184998989105225,0,1,0.8372291326522827,0.29557085037231445,0.46009185910224915,0,-0.5086581110954285,0.7298240661621094,0.4567537307739258,0,-0.2007831335067749,-0.6164371967315674,0.761374831199646,0,0.005311999935656786,0.059686001390218735,0.008244000375270844,1,-0.7818797826766968,-0.02780609205365181,0.6228090524673462,0,0.5434719920158386,-0.5198718905448914,0.6590690612792969,0,0.3054547607898712,0.8537918925285339,0.4215891659259796,0,0.12488999962806702,-0.04928499832749367,0.0067079998552799225,1,0.9900689125061035,-0.021252432838082314,-0.13896796107292175,0,-0.10935837030410767,0.5047517418861389,-0.8563090562820435,0,0.08834303915500641,0.8630029559135437,0.4974152147769928,0,0,0.4805760085582733,0,1,0.9605429768562317,-0.262093186378479,0.09307864308357239,0,0.021753894165158272,0.4044298231601715,0.9143100380897522,0,-0.2772783935070038,-0.8762099146842957,0.3941740393638611,0,0,0.39259400963783264,0,1,0.9971590042114258,0.07352375984191895,-0.016354776918888092,0,-0.05032624676823616,0.8119169473648071,0.5815990567207336,0,0.05604010075330734,-0.5791239738464355,0.8133109211921692,0,0,0.2655330002307892,0,1,-0.7180507779121399,0.3920612633228302,-0.5750570893287659,0,-0.6550189256668091,-0.6599802374839783,0.3679359257221222,0,-0.23527295887470245,0.6408700942993164,0.7307069897651672,0,-0.12488999962806702,-0.04928499832749367,0.004391999915242195,1,0.9896359443664551,-0.10526013374328613,0.09767406433820724,0,0.14235085248947144,0.6297391653060913,-0.7636529207229614,0,0.018873021006584167,0.7696419954299927,0.6381960511207581,0,0,0.4809130132198334,0,1,0.8117437958717346,0.5839951038360596,0.004558683838695288,0,-0.055250924080610275,0.06902249157428741,0.9960839152336121,0,0.5813937783241272,-0.8088171482086182,0.08829490095376968,0,0,0.3934980034828186,0,1,0.9940400123596191,-0.10806700587272644,0.014334416016936302,0,0.09388800710439682,0.91550612449646,0.391195684671402,0,-0.05539858713746071,-0.3875183165073395,0.9201958775520325,0,0,0.27194899320602417,0,1
K0.133,0.4989754855632782,0.09957088530063629,0.8608771562576294,0,-0.2361275851726532,0.9714128375053406,0.024506911635398865,0,-0.8338270783424377,-0.2155052274465561,0.5082226991653442,0,0.04269002377986908,0.8365849256515503,0.024037420749664307,1,0.9965769648551941,0.04018429294228554,0.07224047929048538,0,-0.049662064760923386,0.9896550178527832,0.13459880650043488,0,-0.06608439236879349,-0.13772568106651306,0.9882630109786987,0,0,0.08873499929904938,-0.003043999895453453,1,0.9997769594192505,-0.010683832690119743,0.01821642555296421,0,0.011002309620380402,0.999786913394928,-0.017473280429840088,0,-0.018025854602456093,0.0176697988063097,0.9996809959411621,0,0,0.10358499735593796,0,1,0.9997439980506897,-0.015063196420669556,0.016910824924707413,0,0.01535590086132288,0.9997320175170898,-0.01731492020189762,0,-0.016645468771457672,0.01757016032934189,0.9997069239616394,0,0,0.1183829978108406,0,1,0.9764460921287537,-0.07082798331975937,-0.20380467176437378,0,0.05372525379061699,0.9946470260620117,-0.08826605975627899,0,0.2089655101299286,0.07523762434720993,0.9750248193740845,0,0,0.13318100571632385,0,1,0.8488948345184326,-0.16510848701000214,-0.5021121501922607,0,0.08700577914714813,0.9806509613990784,-0.1753692626953125,0,0.5213515162467957,0.10518336296081543,0.8468345999717712,0,0,0.11284200102090836,0.028209000825881958,1,0.12447769194841385,0.016434961929917336,-0.9920859336853027,0,0.9626230597496033,-0.24439971148967743,0.11673221737146378,0,-0.24054695665836334,-0.9695349931716919,-0.04624296724796295,0,0.05356400087475777,0.11750900000333786,-0.0008880000095814466,1,0.8856187462806702,0.4220409691333771,-0.19380852580070496,0,-0.3406314551830292,0.8739667534828186,0.34663164615631104,0,0.3156745433807373,-0.24096590280532837,0.9177606105804443,0,0,0.10648400336503983,0,1,0.10337529331445694,0.2825208902359009,0.9536744952201843,0,-0.21722714602947235,0.9420790076255798,-0.25553905963897705,0,-0.9706311821937561,-0.18074747920036316,0.15875880420207977,0,0,0.3087559938430786,0,1,0.9511339068412781,0.3077993094921112,-0.024577930569648743,0,-0.2756698727607727,0.8823121190071106,0.381484717130661,0,0.1391061544418335,-0.3560676872730255,0.924048125743866,0,0,0.23405499756336212,0,1,-0.9861200451850891,0.15032990276813507,0.0704917311668396,0,0.09372512996196747,0.15354526042938232,0.9836869239807129,0,0.1370537132024765,0.9766390919685364,-0.16550356149673462,0,0,0.06599000096321106,0,1,0.974202036857605,0.16866879165172577,-0.14994005858898163,0,-0.19997923076152802,0.9531018733978271,-0.22716829180717468,0,0.10459194332361221,0.25129270553588867,0.9622440934181213,0,0,0.04309700056910515,0,1,0.5541558861732483,-0.2074819654226303,-0.8061400651931763,0,-0.6075140237808228,0.5612528324127197,-0.5620701313018799,0,0.5690678954124451,0.8012159466743469,0.18497341871261597,0,-0.003766000038012862,0.03990999981760979,-0.05057400092482567,1,0.06952887773513794,-0.042191069573163986,0.9966869950294495,0,-0.9964199662208557,0.04524018242955208,0.07142532616853714,0,-0.04810381308197975,-0.9980849027633667,-0.038894522935152054,0,-0.05356400087475777,0.11748500168323517,-0.0001880000054370612,1,0.8035448789596558,-0.43814584612846375,0.40291839838027954,0,0.18825878202915192,0.8292165398597717,0.5262688398361206,0,-0.5646892189979553,-0.34702780842781067,0.7487976551055908,0,0,0.10648400336503983,0,1,-0.403860479593277,-0.8887305855751038,-0.2169199436903,0,0.7871970534324646,-0.21680594980716705,-0.5773359537124634,0,0.4660665690898895,-0.40392184257507324,0.7871652245521545,0,0,0.310806006193161,0,1,0.9854030609130859,0.16817186772823334,-0.026453306898474693,0,-0.16661715507507324,0.9846049547195435,0.05284012854099274,0,0.03493227809667587,-0.047661248594522476,0.9982530474662781,0,0,0.2348410040140152,0,1,0.9869449734687805,0.14855384826660156,0.062224291265010834,0,-0.1268051415681839,0.47850918769836426,0.8688779473304749,0,0.09930029511451721,-0.8654252290725708,0.4910997152328491,0,0,0.04594799876213074,0,1,0.9845030307769775,0.08166218549013138,0.15519359707832336,0,-0.17504380643367767,0.5113459825515747,0.8413589596748352,0,-0.010650401934981346,-0.8554859757423401,0.5177159905433655,0,0,0.052184998989105225,0,1,0.8372291326522827,0.2955719232559204,0.4600927233695984,0,-0.5086590051651001,0.729823887348175,0.4567529559135437,0,-0.20078323781490326,-0.6164369583129883,0.7613749504089355,0,0.005311999935656786,0.059686001390218735,0.008244000375270844,1,-0.8149229288101196,-0.12925264239311218,0.5649730563163757,0,0.54522705078125,-0.5015448331832886,0.6716992855072021,0,0.1965404748916626,0.8554219603538513,0.47919246554374695,0,0.12488999962806702,-0.04928499832749367,0.0067079998552799225,1,0.9908689260482788,-0.06174718216061592,-0.11985966563224792,0,-0.0766962543129921,0.4730048179626465,-0.8777151107788086,0,0.11089067161083221,0.8788937330245972,0.46395015716552734,0,0,0.4805760085582733,0,1,0.9389027953147888,-0.32568860054016113,0.11129867285490036,0,0.05221456289291382,0.4544147849082947,0.8892587423324585,0,-0.3401973247528076,-0.8291163444519043,0.4436571002006531,0,0,0.39259400963783264,0,1,0.9965680241584778,0.0567060187458992,0.060306355357170105,0,-0.08070345968008041,0.8276840448379517,0.5553614497184753,0,-0.018422262743115425,-0.5583221912384033,0.8294195532798767,0,0,0.2655330002307892,0,1,-0.6919496655464172,0.4158184230327606,-0.5901699662208557,0,-0.6890512704849243,-0.6243277788162231,0.36799877882003784,0,-0.21543890237808228,0.6612942218780518,0.7185238599777222,0,-0.12488999962806702,-0.04928499832749367,0.004391999915242195,1,0.9899970293045044,-0.07750455290079117,0.11789108067750931,0,0.1394411325454712,0.6647337079048157,-0.7339523434638977,0,-0.021481525152921677,0.7430494427680969,0.6688916087150574,0,0,0.4809130132198334,0,1,0.808300793170929,0.5887572765350342,-0.0038370387628674507,0,-0.07185608148574829,0.10511481016874313,0.9918609857559204,0,0.5843682289123535,-0.8014458417892456,0.12727008759975433,0,0,0.3934980034828186,0,1,0.9940429925918579,-0.10805180668830872,0.014267685823142529,0,0.09388819336891174,0.9154231548309326,0.39138951897621155,0,-0.05535131320357323,-0.38771840929985046,0.9201147556304932,0,0,0.27194899320602417,0,1
