1.400,30,41,33
B0,mixamorig_Hips,-1,0.9925249814987183,0.05565600097179413,-0.10860899835824966,0,-0.058143001049757004,0.9981110095977783,-0.01985899917781353,0,0.10729900002479553,0.02602499909698963,0.9938859939575195,0,0.00046499999007210135,0.9416059851646423,-0.007575999945402145,1
B1,mixamorig_Spine,0,0.9998890161514282,-0.014806999824941158,-0.0016289999475702643,0,0.014879999682307243,0.9979280233383179,0.06259900331497192,0,0.0006990000256337225,-0.06261599808931351,0.9980369806289673,0,0,0.08873499929904938,-0.003043999895453453,1
B2,mixamorig_Spine1,1,0.9999179840087891,-0.012457000091671944,-0.003065000055357814,0,0.012814000248908997,0.9812120199203491,0.19250699877738953,0,0.0006099999882280827,-0.19253000617027283,0.9812909960746765,0,0,0.10358499735593796,0,1
B3,mixamorig_Spine2,2,0.9999179840087891,-0.012457000091671944,-0.003065000055357814,0,0.012814000248908997,0.9812120199203491,0.19250699877738953,0,0.0006099999882280827,-0.19253000617027283,0.9812909960746765,0,0,0.1183829978108406,0,1
B4,mixamorig_Neck,3,0.9979079961776733,-0.05433500185608864,0.03502900153398514,0,0.05891599878668785,0.9874140024185181,-0.14677299559116364,0,-0.02661300078034401,0.1485300064086914,0.9885500073432922,0,0,0.13318100571632385,0,1
B5,mixamorig_Head,4,0.996703028678894,0.06164899840950966,0.0527460016310215,0,-0.04295700043439865,0.9524869918823242,-0.3015350103378296,0,-0.0688289999961853,0.2982749938964844,0.9519950151443481,0,0,0.11284200102090836,0.028209000825881958,1
B6,mixamorig_HeadTop_End,5,1,0,0,0,0,1,0,0,0,0,1,0,0,0.3948740065097809,0.0987119972705841,1
B7,mixamorig_LeftShoulder,3,0.09027999639511108,0.16668200492858887,-0.9818689823150635,0,0.8984990119934082,-0.43890199065208435,0.008105999790132046,0,-0.4295929968357086,-0.8829399943351746,-0.1893869936466217,0,0.05356400087475777,0.11750900000333786,-0.0008880000095814466,1
B8,mixamorig_LeftArm,7,0.8180959820747375,0.21220199763774872,-0.534500002861023,0,0.05965700000524521,0.8931019902229309,0.4458799958229065,0,0.5719799995422363,-0.3966589868068695,0.7179840207099915,0,0,0.10648400336503983,0,1
B9,mixamorig_LeftForeArm,8,0.306784987449646,0.8169490098953247,0.48834100365638733,0,-0.5591109991073608,0.5699089765548706,-0.6021609902381897,0,-0.7702450156211853,-0.08830200135707855,0.6316050291061401,0,0,0.3087559938430786,0,1
B10,mixamorig_LeftHand,9,0.8967419862747192,0.25387901067733765,-0.3624899983406067,0,-0.3218519985675812,0.9363170266151428,-0.14043700695037842,0,0.30375200510025024,0.24260400235652924,0.9213460087776184,0,0,0.23405499756336212,0,1
B11,mixamorig_LeftHandIndex1,10,-0.9923359751701355,-0.10072000324726105,-0.07158699631690979,0,-0.11413999646902084,0.9690840244293213,0.21874399483203888,0,0.0473410002887249,0.22523899376392365,-0.9731529951095581,0,0,0.06599000096321106,0,1
B12,mixamorig_LeftHandIndex2,11,0.9997050166130066,0.006248000077903271,-0.023473000153899193,0,0.01097199972718954,0.745976984500885,0.6658819913864136,0,0.02167000062763691,-0.6659430265426636,0.7456880211830139,0,0,0.04309700056910515,0,1
B13,mixamorig_LeftHandIndex3,12,0.781283974647522,0.42135000228881836,-0.46049898862838745,0,-0.33406901359558105,0.9054830074310303,0.2617209851741791,0,0.5272499918937683,-0.05063999816775322,0.8482000231742859,0,-0.003766000038012862,0.03990999981760979,-0.05057400092482567,1
B14,mixamorig_LeftHandIndex4,13,1,0,0,0,0,1,0,0,0,0,1,0,0.01626800000667572,0.010591999627649784,-0.02060599997639656,1
B15,mixamorig_RightShoulder,3,0.001344999996945262,0.0597510002553463,0.9982119798660278,0,-0.9846619963645935,-0.17407500743865967,0.011745999567210674,0,0.17446599900722504,-0.9829180240631104,0.05860099941492081,0,-0.05356400087475777,0.11748500168323517,-0.0001880000054370612,1
B16,mixamorig_RightArm,15,0.8031110167503357,-0.4640029966831207,0.3737829923629761,0,0.0031880000606179237,0.6306700110435486,0.776045024394989,0,-0.5958210229873657,-0.6220589876174927,0.5079770088195801,0,0,0.10648400336503983,0,1
B17,mixamorig_RightForeArm,16,0.2785309851169586,-0.8259279727935791,-0.4901660084724426,0,0.5345119833946228,0.5573260188102722,-0.6353620290756226,0,0.7979459762573242,-0.08503100275993347,0.5967010259628296,0,0,0.310806006193161,0,1
B18,mixamorig_RightHand,17,0.833158016204834,0.18222400546073914,0.522150993347168,0,0.028575999662280083,0.9287099838256836,-0.369704008102417,0,-0.552295982837677,0.3229430019855499,0.7685549855232239,0,0,0.2348410040140152,0,1
B19,mixamorig_RightHandIndex1,18,0.9605249762535095,-0.21958599984645844,0.1708039939403534,0,0.19050200283527374,0.9666119813919067,0.1713780015707016,0,-0.20273299515247345,-0.1320749968290329,0.9702860116958618,0,0,0.04594799876213074,0,1
B20,mixamorig_RightHandIndex2,19,0.994143009185791,0.10807300359010696,0.0006040000007487833,0,-0.10778900235891342,0.9919040203094482,-0.06713400036096573,0,-0.007854999974370003,0.06667599827051163,0.9977440237998962,0,0,0.052184998989105225,0,1
B21,mixamorig_RightHandIndex3,20,0.9234970211982727,0.3799099922180176,-0.053123001009225845,0,-0.3722510039806366,0.8540800213813782,-0.36328399181365967,0,-0.09264399856328964,0.3552669882774353,0.9301630258560181,0,0.005311999935656786,0.059686001390218735,0.008244000375270844,1
B22,mixamorig_RightHandIndex4,21,1,0,0,0,0,1,0,0,0,0,1,0,0.013464000076055527,0.02288700081408024,0.014065999537706375,1
B23,mixamorig_LeftUpLeg,0,-0.9833250045776367,-0.17528800666332245,-0.04843299835920334,0,0.14058899879455566,-0.9016630053520203,0.40894898772239685,0,-0.11535400152206421,0.3953210115432739,0.9112709760665894,0,0.12488999962806702,-0.04928499832749367,0.0067079998552799225,1
B24,mixamorig_LeftLeg,23,0.9992650151252747,0.03445199877023697,-0.01683099940419197,0,-0.037668999284505844,0.8000710010528564,-0.598721981048584,0,-0.007160999812185764,0.5989149808883667,0.8007799983024597,0,0,0.4805760085582733,0,1
B25,mixamorig_LeftFoot,24,0.9659770131111145,-0.2576560080051422,0.02238200046122074,0,0.029910000041127205,0.19725699722766876,0.9798949956893921,0,-0.25689101219177246,-0.94588702917099,0.19825200736522675,0,0,0.39259400963783264,0,1
B26,mixamorig_LeftToeBase,25,0.9946309924125671,0.10347399860620499,-0.0011680000461637974,0,-0.09548400342464447,0.9220569729804993,0.3750919997692108,0,0.03988900035619736,-0.3729659914970398,0.9269869923591614,0,0,0.2655330002307892,0,1
B27,mixamorig_LeftToe_End,26,1,0,0,0,0,1,0,0,0,0,1,0,0,0.1120460033416748,0,1
B28,mixamorig_RightUpLeg,0,-0.9262499809265137,0.23182199895381927,-0.2971870005130768,0,-0.3120169937610626,-0.9139350056648254,0.259552001953125,0,-0.21143999695777893,0.33313700556755066,0.9188650250434875,0,-0.12488999962806702,-0.04928499832749367,0.004391999915242195,1
B29,mixamorig_RightLeg,28,0.9996659755706787,-0.022437000647187233,0.01282699964940548,0,0.024271000176668167,0.6445109844207764,-0.7642099857330322,0,0.00887999963015318,0.7642660140991211,0.6448400020599365,0,0,0.4809130132198334,0,1
B30,mixamorig_RightFoot,29,0.947655975818634,0.2792400121688843,-0.15483200550079346,0,0.18074199557304382,-0.06939899921417236,0.9810789823532104,0,0.2632110118865967,-0.9577100276947021,-0.11623699963092804,0,0,0.3934980034828186,0,1
B31,mixamorig_RightToeBase,30,0.9936910271644592,-0.11199799925088882,-0.005960000213235617,0,0.10686399787664413,0.9293220043182373,0.3534710109233856,0,-0.03404900059103966,-0.35187700390815735,0.9354270100593567,0,0,0.27194899320602417,0,1
B32,mixamorig_RightToe_End,31,1,0,0,0,0,1,0,0,0,0,1,0,0,0.11006300151348114,0,1
@28,0,1,2,3,4,5,7,8,9,10,11,12,13,15,16,17,18,19,20,21,23,24,25,26,28,29,30,31
K0,0.9925249218940735,0.05565633252263069,-0.10860922187566757,0,-0.05814266949892044,0.9981110095977783,-0.01985880918800831,0,0.10729878395795822,0.026025190949440002,0.9938859939575195,0,0.00046499999007210135,0.9416059851646423,-0.007575999945402145,1,0.9998890161514282,-0.014807024039328098,-0.0016291395295411348,0,0.014879978261888027,0.9979280829429626,0.06259887665510178,0,0.0006988605600781739,-0.06261612474918365,0.9980369806289673,0,0,0.08873499929904938,-0.003043999895453453,1,0.9999179244041443,-0.012456946074962616,-0.003065318800508976,0,0.01281405333429575,0.9812120795249939,0.1925067901611328,0,0.0006096810102462769,-0.19253022968769073,0.9812909960746765,0,0,0.10358499735593796,0,1,0.9999179244041443,-0.012456946074962616,-0.003065318800508976,0,0.01281405333429575,0.9812120795249939,0.1925067901611328,0,0.0006096810102462769,-0.19253022968769073,0.9812909960746765,0,0,0.1183829978108406,0,1,0.9979079365730286,-0.05433515086770058,0.03502889722585678,0,0.058915842324495316,0.9874139428138733,-0.14677311480045319,0,-0.02661309763789177,0.14852988719940186,0.9885500073432922,0,0,0.13318100571632385,0,1,0.996703028678894,0.06164911389350891,0.052745867520570755,0,-0.0429568849503994,0.952487051486969,-0.3015349507331848,0,-0.06882911920547485,0.2982749938964844,0.9519949555397034,0,0,0.11284200102090836,0.028209000825881958,1,0.09027969837188721,0.16668200492858887,-0.9818689227104187,0,0.8984990119934082,-0.4389019310474396,0.008106098510324955,0,-0.42959296703338623,-0.882939875125885,-0.1893874704837799,0,0.05356400087475777,0.11750900000333786,-0.0008880000095814466,1,0.8180959224700928,0.212201789021492,-0.5345001220703125,0,0.05965680256485939,0.8931020498275757,0.44587981700897217,0,0.571979820728302,-0.39665910601615906,0.7179840207099915,0,0,0.10648400336503983,0,1,0.30678504705429077,0.8169492483139038,0.4883406460285187,0,-0.5591106414794922,0.5699089169502258,-0.6021613478660583,0,-0.7702451944351196,-0.08830240368843079,0.6316047310829163,0,0,0.3087559938430786,0,1,0.8967418670654297,0.25387895107269287,-0.36249029636383057,0,-0.32185208797454834,0.9363170266151428,-0.1404370218515396,0,0.30375176668167114,0.24260398745536804,0.921346127986908,0,0,0.23405499756336212,0,1,-0.9923360347747803,-0.10071997344493866,-0.07158654183149338,0,-0.11414002627134323,0.9690839648246765,0.21874427795410156,0,0.04734145104885101,0.22523871064186096,-0.9731530547142029,0,0,0.06599000096321106,0,1,0.9997050762176514,0.006248170509934425,-0.023472514003515244,0,0.01097217109054327,0.745976984500885,0.6658820509910583,0,0.021670488640666008,-0.665942907333374,0.7456880211830139,0,0,0.04309700056910515,0,1,0.7812840938568115,0.42134982347488403,-0.46049878001213074,0,-0.3340691328048706,0.9054828882217407,0.2617209255695343,0,0.5272501707077026,-0.05064001679420471,0.8481999039649963,0,-0.003766000038012862,0.03990999981760979,-0.05057400092482567,1,0.001344607793726027,0.05975095555186272,0.9982120394706726,0,-0.9846619963645935,-0.17407521605491638,0.011746183969080448,0,0.17446592450141907,-0.9829180836677551,0.05860043689608574,0,-0.05356400087475777,0.11748500168323517,-0.0001880000054370612,1,0.8031109571456909,-0.4640029966831207,0.3737829923629761,0,0.0031879276502877474,0.630669891834259,0.7760451436042786,0,-0.5958210229873657,-0.6220588088035583,0.5079771876335144,0,0,0.10648400336503983,0,1,0.2785310447216034,-0.8259280323982239,-0.4901658892631531,0,0.5345117449760437,0.5573258399963379,-0.6353623270988464,0,0.7979459762573242,-0.08503135293722153,0.5967010259628296,0,0,0.310806006193161,0,1,0.833158016204834,0.18222390115261078,0.5221510529518127,0,0.02857588604092598,0.9287099242210388,-0.36970409750938416,0,-0.5522959232330322,0.32294291257858276,0.7685550451278687,0,0,0.2348410040140152,0,1,0.9605250358581543,-0.21958579123020172,0.17080383002758026,0,0.19050222635269165,0.966611921787262,0.17137835919857025,0,-0.20273315906524658,-0.13207462430000305,0.9702860116958618,0,0,0.04594799876213074,0,1,0.994143009185791,0.10807310044765472,0.0006042460445314646,0,-0.10778889805078506,0.9919040203094482,-0.06713415682315826,0,-0.007854754105210304,0.06667584925889969,0.9977440237998962,0,0,0.052184998989105225,0,1,0.9234970211982727,0.3799102008342743,-0.05312303081154823,0,-0.37225082516670227,0.8540801405906677,-0.36328399181365967,0,-0.09264402091503143,0.3552669882774353,0.9301630258560181,0,0.005311999935656786,0.059686001390218735,0.008244000375270844,1,-0.9833250641822815,-0.17528831958770752,-0.04843287914991379,0,0.1405887007713318,-0.9016630053520203,0.40894922614097595,0,-0.11535412073135376,0.3953207731246948,0.9112710356712341,0,0.12488999962806702,-0.04928499832749367,0.0067079998552799225,1,0.9992649555206299,0.034452054649591446,-0.016831107437610626,0,-0.03766893222928047,0.8000710606575012,-0.5987218022346497,0,-0.007161109708249569,0.5989151000976562,0.8007799386978149,0,0,0.4805760085582733,0,1,0.9659770131111145,-0.2576560080051422,0.022382033988833427,0,0.029909992590546608,0.19725683331489563,0.9798949956893921,0,-0.2568909823894501,-0.9458869695663452,0.1982521414756775,0,0,0.39259400963783264,0,1,0.9946309924125671,0.10347423702478409,-0.001167848939076066,0,-0.09548377245664597,0.9220571517944336,0.37509167194366455,0,0.039889153093099594,-0.37296634912490845,0.926986813545227,0,0,0.2655330002307892,0,1,-0.9262499809265137,0.23182201385498047,-0.29718706011772156,0,-0.31201696395874023,-0.9139351844787598,0.2595517635345459,0,-0.21143993735313416,0.33313727378845215,0.918864905834198,0,-0.12488999962806702,-0.04928499832749367,0.004391999915242195,1,0.9996659755706787,-0.022436870262026787,0.012826597318053246,0,0.024271130561828613,0.6445109844207764,-0.764210045337677,0,0.008879597298800945,0.7642658948898315,0.6448400616645813,0,0,0.4809130132198334,0,1,0.9476560354232788,0.2792399525642395,-0.15483176708221436,0,0.18074195086956024,-0.06939912587404251,0.9810789823532104,0,0.2632112503051758,-0.9577099680900574,-0.11623687297105789,0,0,0.3934980034828186,0,1,0.9936909675598145,-0.11199842393398285,-0.005960193928331137,0,0.10686357319355011,0.9293221235275269,0.35347071290016174,0,-0.03404919430613518,-0.3518773317337036,0.9354268908500671,0,0,0.27194899320602417,0,1
K0.034,0.9915989637374878,0.06328630447387695,-0.11280672252178192,0,-0.0662422850728035,0.997546374797821,-0.022647226229310036,0,0.11109678447246552,0.029929568991065025,0.9933591485023499,0,-0.002110606525093317,0.9398490190505981,-0.006572430022060871,1,0.9998512268066406,-0.017150182276964188,-0.0019562863744795322,0,0.01723800040781498,0.9979617595672607,0.061448078602552414,0,0.0008984527084976435,-0.06147262826561928,0.9981085062026978,0,0,0.08873499929904938,-0.003043999895453453,1,0.9998623132705688,-0.016142714768648148,-0.0038784549105912447,0,0.016585761681199074,0.981598973274231,0.19023163616657257,0,0.000736231857445091,-0.19026973843574524,0.9817313551902771,0,0,0.10358499735593796,0,1,0.9998623132705688,-0.016142714768648148,-0.0038784549105912447,0,0.016585761681199074,0.981598973274231,0.19023163616657257,0,0.000736231857445091,-0.19026973843574524,0.9817313551902771,0,0,0.1183829978108406,0,1,0.9978703856468201,-0.05463483929634094,0.03562549874186516,0,0.05926888436079025,0.9875661134719849,-0.14560215175151825,0,-0.027227584272623062,0.1474035531282425,0.9887010455131531,0,0,0.13318100571632385,0,1,0.9959077835083008,0.06915273517370224,0.05818776786327362,0,-0.04905889928340912,0.9543748497962952,-0.2945549488067627,0,-0.07590214908123016,0.2904946208000183,0.9538609385490417,0,0,0.11284200102090836,0.028209000825881958,1,0.0892583504319191,0.1667967438697815,-0.9819424748420715,0,0.8989049792289734,-0.4380837380886078,0.007295604329556227,0,-0.4289560616016388,-0.8833240866661072,-0.18903708457946777,0,0.05356400087475777,0.11750900000333786,-0.0008880000095814466,1,0.8148561716079712,0.21111850440502167,-0.5398512482643127,0,0.06067756190896034,0.8951355218887329,0.441646009683609,0,0.5764796137809753,-0.392634779214859,0.7165964245796204,0,0,0.10648400336503983,0,1,0.30455565452575684,0.8192135691642761,0.48593637347221375,0,-0.5606805086135864,0.5666091442108154,-0.6038146018981934,0,-0.7699887752532959,-0.08855989575386047,0.6318808794021606,0,0,0.3087559938430786,0,1,0.9058708548545837,0.25076234340667725,-0.34134355187416077,0,-0.3159015476703644,0.9368408918380737,-0.15011729300022125,0,0.2821410596370697,0.24381804466247559,0.9278739094734192,0,0,0.23405499756336212,0,1,-0.9923360347747803,-0.10071999579668045,-0.07158654183149338,0,-0.11414004862308502,0.9690839648246765,0.21874427795410156,0,0.047341447323560715,0.22523871064186096,-0.9731530547142029,0,0,0.06599000096321106,0,1,0.9997049570083618,0.00624798284843564,-0.023472022265195847,0,0.010971983894705772,0.745976984500885,0.6658820509910583,0,0.02166999876499176,-0.665942907333374,0.7456880211830139,0,0,0.04309700056910515,0,1,0.7812840938568115,0.42134982347488403,-0.46049878001213074,0,-0.3340691328048706,0.9054828882217407,0.2617209255695343,0,0.5272501707077026,-0.05064001679420471,0.8481999039649963,0,-0.003766000038012862,0.03990999981760979,-0.05057400092482567,1,-0.0025296094827353954,0.05939384549856186,0.9982316493988037,0,-0.9856300950050354,-0.1687506139278412,0.0075427936390042305,0,0.16890013217926025,-0.9838675856590271,0.05896724760532379,0,-0.05356400087475777,0.11748500168323517,-0.0001880000054370612,1,0.8019804954528809,-0.4642661511898041,0.37587857246398926,0,-0.006566266994923353,0.6223530769348145,0.7827087640762329,0,-0.5973141193389893,-0.630185067653656,0.49606630206108093,0,0,0.10648400336503983,0,1,0.2775430679321289,-0.8269488215446472,-0.4890040457248688,0,0.535175621509552,0.5557928681373596,-0.6361461281776428,0,0.7978456020355225,-0.08514509350061417,0.5968195796012878,0,0,0.310806006193161,0,1,0.8336510062217712,0.18637560307979584,0.5198942422866821,0,0.022309256717562675,0.929207980632782,-0.3688823878765106,0,-0.5518409013748169,0.31911784410476685,0.7704777121543884,0,0,0.2348410040140152,0,1,0.9605250358581543,-0.21958579123020172,0.17080383002758026,0,0.19050222635269165,0.966611921787262,0.17137835919857025,0,-0.20273315906524658,-0.13207462430000305,0.9702860116958618,0,0,0.04594799876213074,0,1,0.994143009185791,0.10807310044765472,0.0006042190943844616,0,-0.10778890550136566,0.991904079914093,-0.06713465601205826,0,-0.007854781113564968,0.06667634844779968,0.9977439641952515,0,0,0.052184998989105225,0,1,0.9234970211982727,0.3799101412296295,-0.053123101592063904,0,-0.37225085496902466,0.8540802597999573,-0.3632846772670746,0,-0.0926440954208374,0.3552672564983368,0.9301619529724121,0,0.005311999935656786,0.059686001390218735,0.008244000375270844,1,-0.9805715084075928,-0.1753796637058258,-0.08787532150745392,0,0.12577293813228607,-0.9058687090873718,0.4044545590877533,0,-0.15053658187389374,0.3855442404747009,0.9103268980979919,0,0.12488999962806702,-0.04928499832749367,0.0067079998552799225,1,0.9992499351501465,0.03534996137022972,-0.015783248469233513,0,-0.03775475174188614,0.799669623374939,-0.5992521047592163,0,-0.008562157861888409,0.5993988513946533,0.8004049062728882,0,0,0.4805760085582733,0,1,0.96075040102005,-0.2728640139102936,0.050033628940582275,0,0.004530126694589853,0.195765420794487,0.9806404709815979,0,-0.27737632393836975,-0.9419240355491638,0.18931780755519867,0,0,0.39259400963783264,0,1,0.9946691989898682,0.10310476273298264,0.0018301606178283691,0,-0.09574002772569656,0.9167357683181763,0.3878512382507324,0,0.038311537355184555,-0.3859589397907257,0.9217202067375183,0,0,0.2655330002307892,0,1,-0.924429178237915,0.2401210367679596,-0.29626503586769104,0,-0.3205397129058838,-0.9101316332817078,0.26251667737960815,0,-0.20660436153411865,0.3376426696777344,0.9183202385902405,0,-0.12488999962806702,-0.04928499832749367,0.004391999915242195,1,0.9996997714042664,-0.02079448662698269,0.01293074432760477,0,0.023117924109101295,0.6273830533027649,-0.7783678770065308,0,0.008073235861957073,0.778433620929718,0.6276757717132568,0,0,0.4809130132198334,0,1,0.9471856355667114,0.2806508243083954,-0.15515820682048798,0,0.18346428871154785,-0.0774049162864685,0.9799737930297852,0,0.26302045583724976,-0.9566831588745117,-0.1248062402009964,0,0,0.3934980034828186,0,1,0.9936670660972595,-0.11220595240592957,-0.006028182338923216,0,0.10695239901542664,0.9279636740684509,0.35699382424354553,0,-0.034462880343198776,-0.3553774952888489,0.9340870380401611,0,0,0.27194899320602417,0,1
K0.068,0.9908930063247681,0.0723535344004631,-0.11356022953987122,0,-0.07600660622119904,0.9967091083526611,-0.02816987782716751,0,0.11114837229251862,0.03654467687010765,0.9931318163871765,0,-0.007302087731659412,0.9359525442123413,-0.00555806327611208,1,0.9997636079788208,-0.021391039714217186,-0.0038324985653162003,0,0.021583575755357742,0.9979404211044312,0.0604017972946167,0,0.002532549435272813,-0.06047028303146362,0.9981669187545776,0,0,0.08873499929904938,-0.003043999895453453,1,0.9997183084487915,-0.02237880788743496,-0.00795159675180912,0,0.02347549982368946,0.9818637371063232,0.1881314218044281,0,0.0035972234327346087,-0.188264861702919,0.9821113348007202,0,0,0.10358499735593796,0,1,0.9997183084487915,-0.022378819063305855,-0.007951599545776844,0,0.023475488647818565,0.9818627834320068,0.18813133239746094,0,0.0035972213372588158,-0.18826495110988617,0.9821113348007202,0,0,0.1183829978108406,0,1,0.9976962208747864,-0.056492242962121964,0.03755812346935272,0,0.061370451003313065,0.9875491857528687,-0.14484748244285583,0,-0.02890772745013237,0.14681871235370636,0.988740861415863,0,0,0.13318100571632385,0,1,0.993127167224884,0.0909300372004509,0.07368946075439453,0,-0.06627731770277023,0.9558571577072144,-0.2862597107887268,0,-0.09646620601415634,0.27940836548805237,0.9553143382072449,0,0,0.11284200102090836,0.028209000825881958,1,0.0868706926703453,0.16693463921546936,-0.9821332097053528,0,0.8989192247390747,-0.4380852282047272,0.005048283841460943,0,-0.42941543459892273,-0.8832970857620239,-0.18811748921871185,0,0.05356400087475777,0.11750900000333786,-0.0008880000095814466,1,0.8092342019081116,0.20271211862564087,-0.5514052510261536,0,0.061003878712654114,0.9045155644416809,0.4220537841320038,0,0.5843102335929871,-0.37517836689949036,0.7195990085601807,0,0,0.10648400336503983,0,1,0.2902587652206421,0.8332964181900024,0.47049596905708313,0,-0.5703493356704712,0.5454378128051758,-0.614165723323822,0,-0.7684085965156555,-0.09008007496595383,0.6335882544517517,0,0,0.3087559938430786,0,1,0.9234892725944519,0.24251781404018402,-0.297241747379303,0,-0.29685264825820923,0.942543625831604,-0.15326452255249023,0,0.2429940402507782,0.22977523505687714,0.9424213767051697,0,0,0.23405499756336212,0,1,-0.992335855960846,-0.10072091221809387,-0.07158664613962173,0,-0.11414097249507904,0.9690839648246765,0.21874426305294037,0,0.04734133929014206,0.22523871064186096,-0.9731529355049133,0,0,0.06599000096321106,0,1,0.9997050762176514,0.006248170044273138,-0.023472514003515244,0,0.01097217109054327,0.745976984500885,0.6658820509910583,0,0.021670488640666008,-0.665942907333374,0.7456880211830139,0,0,0.04309700056910515,0,1,0.7812840938568115,0.42134982347488403,-0.46049878001213074,0,-0.3340691328048706,0.9054828882217407,0.2617209255695343,0,0.5272501707077026,-0.05064001679420471,0.8481999039649963,0,-0.003766000038012862,0.03990999981760979,-0.05057400092482567,1,-0.01186342816799879,0.05852992460131645,0.9982151389122009,0,-0.986710250377655,-0.1624775379896164,-0.0021999182645231485,0,0.1620587855577469,-0.9849750995635986,0.05967964231967926,0,-0.05356400087475777,0.11748500168323517,-0.0001880000054370612,1,0.7975481748580933,-0.4638644754886627,0.3856772482395172,0,-0.028993481770157814,0.6091132164001465,0.7925531268119812,0,-0.6025581955909729,-0.6432812809944153,0.47234800457954407,0,0,0.10648400336503983,0,1,0.2652605175971985,-0.8393872976303101,-0.47440966963768005,0,0.5432457327842712,0.5366149544715881,-0.6456996202468872,0,0.7965683341026306,-0.08644253760576248,0.5983371138572693,0,0,0.310806006193161,0,1,0.8302699327468872,0.1900000125169754,0.5239769816398621,0,0.016280362382531166,0.9314339756965637,-0.363545686006546,0,-0.5571236610412598,0.3103715777397156,0.7702483534812927,0,0,0.2348410040140152,0,1,0.9605250358581543,-0.21958576142787933,0.17080383002758026,0,0.19050219655036926,0.966611921787262,0.17137838900089264,0,-0.20273315906524658,-0.13207465410232544,0.9702860116958618,0,0,0.04594799876213074,0,1,0.994143009185791,0.10807310044765472,0.0006042190943844616,0,-0.10778890550136566,0.991904079914093,-0.06713465601205826,0,-0.007854781113564968,0.06667634844779968,0.9977439641952515,0,0,0.052184998989105225,0,1,0.9234970211982727,0.3799102008342743,-0.05312303081154823,0,-0.37225082516670227,0.8540801405906677,-0.36328399181365967,0,-0.09264402091503143,0.3552669882774353,0.9301630258560181,0,0.005311999935656786,0.059686001390218735,0.008244000375270844,1,-0.9733954668045044,-0.1791985183954239,-0.14279253780841827,0,0.10914204269647598,-0.9105598330497742,0.3987085819244385,0,-0.2014690786600113,0.37251630425453186,0.9058926105499268,0,0.12488999962806702,-0.04928499832749367,0.0067079998552799225,1,0.9992473721504211,0.03599265590310097,-0.014446176588535309,0,-0.03737189620733261,0.7940077781677246,-0.6067571640014648,0,-0.01036843005567789,0.6068407297134399,0.7947556972503662,0,0,0.4805760085582733,0,1,0.9504568576812744,-0.2977568209171295,0.08928632736206055,0,-0.032994844019412994,0.18897269666194916,0.9814277291297913,0,-0.30909955501556396,-0.9357508420944214,0.1697859913110733,0,0,0.39259400963783264,0,1,0.9947139024734497,0.10249706357717514,0.006153058726340532,0,-0.09614983201026917,0.9087334871292114,0.4061507284641266,0,0.03603778034448624,-0.4045955240726471,0.9137852191925049,0,0,0.2655330002307892,0,1,-0.9225581884384155,0.24815382063388824,-0.29547473788261414,0,-0.3320782780647278,-0.9005822539329529,0.2804930508136749,0,-0.19649392366409302,0.35689201951026917,0.9132462739944458,0,-0.12488999962806702,-0.04928499832749367,0.004391999915242195,1,0.999721348285675,-0.02167794667184353,0.009325145743787289,0,0.020213518291711807,0.5827038288116455,-0.8124336004257202,0,0.012178093194961548,0.8123955130577087,0.5829795598983765,0,0,0.4809130132198334,0,1,0.950564980506897,0.27887412905693054,-0.13658779859542847,0,0.16593500971794128,-0.08438144624233246,0.9825196266174316,0,0.2624739408493042,-0.9566137790679932,-0.12648507952690125,0,0,0.3934980034828186,0,1,0.9933035969734192,-0.1154504120349884,-0.0044653634540736675,0,0.1078445240855217,0.9126121997833252,0.39434507489204407,0,-0.04145214706659317,-0.39218586683273315,0.9189515113830566,0,0,0.27194899320602417,0,1
K0.102,0.9902727603912354,0.07665196806192398,-0.11612439900636673,0,-0.08161808550357819,0.9959152936935425,-0.03862489014863968,0,0.11268928647041321,0.04772697761654854,0.9924830198287964,0,-0.016116684302687645,0.928595781326294,-0.003942438866943121,1,0.9996369481086731,-0.026036502793431282,-0.006926646456122398,0,0.02640305645763874,0.9978790879249573,0.059507664293050766,0,0.00536258053034544,-0.059668898582458496,0.9982035160064697,0,0,0.08873499929904938,-0.003043999895453453,1,0.9994744062423706,-0.029086124151945114,-0.014340843074023724,0,0.03125054016709328,0.9819965362548828,0.18629586696624756,0,0.008664027787744999,-0.1866459846496582,0.9823887348175049,0,0,0.10358499735593796,0,1,0.9994744062423706,-0.029086124151945114,-0.014340843074023724,0,0.03125054016709328,0.9819965362548828,0.18629586696624756,0,0.008664027787744999,-0.1866459846496582,0.9823887348175049,0,0,0.1183829978108406,0,1,0.9971184134483337,-0.06351155042648315,0.04148133471608162,0,0.06888920068740845,0.9870851635932922,-0.1446283906698227,0,-0.03176002949476242,0.14706920087337494,0.9886158108711243,0,0,0.13318100571632385,0,1,0.9865620732307434,0.1245112419128418,0.10579077899456024,0,-0.09153641760349274,0.957546591758728,-0.27335989475250244,0,-0.1353360265493393,0.26000291109085083,0.9560768008232117,0,0,0.11284200102090836,0.028209000825881958,1,0.08356524258852005,0.1669401228427887,-0.9824191331863403,0,0.8974605202674866,-0.44109222292900085,0.0013848936650902033,0,-0.43310633301734924,-0.8817983865737915,-0.18668225407600403,0,0.05356400087475777,0.11750900000333786,-0.0008880000095814466,1,0.8036133646965027,0.17490077018737793,-0.5688716173171997,0,0.0662413015961647,0.9236195087432861,0.3775441348552704,0,0.5914537906646729,-0.341082364320755,0.7306474447250366,0,0,0.10648400336503983,0,1,0.250205934047699,0.86881023645401,0.4272766411304474,0,-0.5947090983390808,0.4861597418785095,-0.6402896046638489,0,-0.7640147805213928,-0.09390103071928024,0.638329267501831,0,0,0.3087559938430786,0,1,0.9377588033676147,0.23417878150939941,-0.2564551532268524,0,-0.2775202989578247,0.9492539763450623,-0.1479867547750473,0,0.2087855488061905,0.20994722843170166,0.9551598429679871,0,0,0.23405499756336212,0,1,-0.9923360347747803,-0.10072004050016403,-0.07158658653497696,0,-0.1141401007771492,0.9690839648246765,0.21874427795410156,0,0.0473414771258831,0.22523871064186096,-0.9731531143188477,0,0,0.06599000096321106,0,1,0.9997050762176514,0.00624813511967659,-0.023472528904676437,0,0.01097220741212368,0.7459762096405029,0.6658818125724792,0,0.021670471876859665,-0.6659431457519531,0.7456877827644348,0,0,0.04309700056910515,0,1,0.7812840938568115,0.42134982347488403,-0.46049878001213074,0,-0.3340691328048706,0.9054828882217407,0.2617209255695343,0,0.5272501707077026,-0.05064001679420471,0.8481999039649963,0,-0.003766000038012862,0.03990999981760979,-0.05057400092482567,1,-0.029199795797467232,0.057010117918252945,0.9979462623596191,0,-0.987811267375946,-0.15435604751110077,-0.02008526399731636,0,0.15289391577243805,-0.986368715763092,0.06082236394286156,0,-0.05356400087475777,0.11748500168323517,-0.0001880000054370612,1,0.7908198237419128,-0.4570552110671997,0.4070691168308258,0,-0.07068264484405518,0.5924414396286011,0.8025066256523132,0,-0.6079545617103577,-0.6634109616279602,0.436208575963974,0,0,0.10648400336503983,0,1,0.23855949938297272,-0.8643630146980286,-0.44267958402633667,0,0.5594436526298523,0.49492260813713074,-0.6648877263069153,0,0.7937959432601929,-0.0890389159321785,0.601630449295044,0,0,0.310806006193161,0,1,0.8324072360992432,0.19402793049812317,0.5190877318382263,0,0.00676322216168046,0.9330760836601257,-0.35961657762527466,0,-0.5541236996650696,0.30285799503326416,0.7753866314888,0,0,0.2348410040140152,0,1,0.9605249166488647,-0.21958528459072113,0.17080381512641907,0,0.19050170481204987,0.9666121006011963,0.17137880623340607,0,-0.20273320376873016,-0.13207513093948364,0.970285952091217,0,0,0.04594799876213074,0,1,0.994143009185791,0.10807310044765472,0.0006042190943844616,0,-0.10778890550136566,0.991904079914093,-0.06713465601205826,0,-0.007854781113564968,0.06667634844779968,0.9977439641952515,0,0,0.052184998989105225,0,1,0.9234970211982727,0.3799101710319519,-0.05312303081154823,0,-0.3722507953643799,0.8540802001953125,-0.36328402161598206,0,-0.09264402091503143,0.3552670180797577,0.9301629662513733,0,0.005311999935656786,0.059686001390218735,0.008244000375270844,1,-0.9644334316253662,-0.19034169614315033,-0.18340441584587097,0,0.10417909920215607,-0.9114208221435547,0.39806875586509705,0,-0.24292775988578796,0.3648040294647217,0.8988345265388489,0,0.12488999962806702,-0.04928499832749367,0.0067079998552799225,1,0.999299943447113,0.034939415752887726,-0.013400586321949959,0,-0.035570938140153885,0.7756913304328918,-0.6301094889640808,0,-0.01162093598395586,0.6301447749137878,0.7763907313346863,0,0,0.4805760085582733,0,1,0.9401504397392273,-0.32304269075393677,0.10844828188419342,0,-0.05483352020382881,0.17068785429000854,0.9837980270385742,0,-0.33631962537765503,-0.9308649301528931,0.14275871217250824,0,0,0.39259400963783264,0,1,0.994748592376709,0.10183773934841156,0.010249722748994827,0,-0.09658073633909225,0.9007852673530579,0.4233883321285248,0,0.03388409689068794,-0.4221546947956085,0.9058900475502014,0,0,0.2655330002307892,0,1,-0.920176088809967,0.25207048654556274,-0.2995593845844269,0,-0.34280121326446533,-0.8883504867553711,0.3054838180541992,0,-0.18911045789718628,0.3837885558605194,0.9038498401641846,0,-0.12488999962806702,-0.04928499832749367,0.004391999915242195,1,0.999534010887146,-0.030537327751517296,-0.000006247571491257986,0,0.015498233027756214,0.5074573159217834,-0.8615371584892273,0,0.026312198489904404,0.8611351847648621,0.507693886756897,0,0,0.4809130132198334,0,1,0.9570643901824951,0.2699921131134033,-0.10550971329212189,0,0.1365213543176651,-0.09873750060796738,0.9857043027877808,0,0.25571465492248535,-0.9577869176864624,-0.1313578486442566,0,0,0.3934980034828186,0,1,0.9933682680130005,-0.11413319408893585,-0.013868805952370167,0,0.10886702686548233,0.8949592113494873,0.43266183137893677,0,-0.036969076842069626,-0.43130257725715637,0.9014498591423035,0,0,0.27194899320602417,0,1
K0.137,0.9873847365379333,0.07628154754638672,-0.13875505328178406,0,-0.08442819118499756,0.9949765801429749,-0.053798068314790726,0,0.13395413756370544,0.06483419239521027,0.9888644218444824,0,-0.027937212958931923,0.9178644418716431,-0.000759036629460752,1,0.999535858631134,-0.028774140402674675,-0.009971738792955875,0,0.02930464595556259,0.9978911280632019,0.05792200565338135,0,0.008284051902592182,-0.05818731710314751,0.9982708692550659,0,0,0.08873499929904938,-0.003043999895453453,1,0.9992802739143372,-0.032322704792022705,-0.019838843494653702,0,0.03541381284594536,0.9824534058570862,0.18311423063278198,0,0.013571999035775661,-0.1836850941181183,0.9828914403915405,0,0,0.10358499735593796,0,1,0.9992802739143372,-0.032322704792022705,-0.019838843494653702,0,0.03541381284594536,0.9824534058570862,0.18311423063278198,0,0.013571999035775661,-0.1836850941181183,0.9828914403915405,0,0,0.1183829978108406,0,1,0.9961429834365845,-0.0759316235780716,0.04398006573319435,0,0.08158628642559052,0.9859669208526611,-0.1456463485956192,0,-0.03230372816324234,0.14867277443408966,0.9883590340614319,0,0,0.13318100571632385,0,1,0.9796265363693237,0.14867079257965088,0.13501426577568054,0,-0.11085342615842819,0.9608928561210632,-0.2537638545036316,0,-0.16746151447296143,0.23362702131271362,0.9577968120574951,0,0,0.11284200102090836,0.028209000825881958,1,0.08618772774934769,0.16661883890628815,-0.9822472333908081,0,0.896112859249115,-0.44381266832351685,0.003345812438055873,0,-0.4353765845298767,-0.8804935216903687,-0.18756067752838135,0,0.05356400087475777,0.11750900000333786,-0.0008880000095814466,1,0.8024299144744873,0.14195571839809418,-0.5796154737472534,0,0.06312492489814758,0.9456520080566406,0.31899431347846985,0,0.5933977365493774,-0.29255884885787964,0.7498586773872375,0,0,0.10648400336503983,0,1,0.19751915335655212,0.9075983166694641,0.3704754114151001,0,-0.6213201880455017,0.40822309255599976,-0.6688162088394165,0,-0.7582526206970215,-0.09807982295751572,0.6445406675338745,0,0,0.3087559938430786,0,1,0.9385519027709961,0.2375946193933487,-0.25033625960350037,0,-0.2823338508605957,0.9457216262817383,-0.16092990338802338,0,0.19851234555244446,0.22171948850154877,0.9546898603439331,0,0,0.23405499756336212,0,1,-0.992335855960846,-0.10072091221809387,-0.07158710062503815,0,-0.1141410768032074,0.9690839648246765,0.21874423325061798,0,0.04734179005026817,0.22523875534534454,-0.9731530547142029,0,0,0.06599000096321106,0,1,0.9997050762176514,0.006247700657695532,-0.023472636938095093,0,0.010972603224217892,0.745976984500885,0.6658819913864136,0,0.0216702651232481,-0.6659428477287292,0.7456880211830139,0,0,0.04309700056910515,0,1,0.7812840938568115,0.42134982347488403,-0.46049878001213074,0,-0.3340691328048706,0.9054828882217407,0.2617209255695343,0,0.5272501707077026,-0.05064001679420471,0.8481999039649963,0,-0.003766000038012862,0.03990999981760979,-0.05057400092482567,1,-0.052467383444309235,0.055583029985427856,0.9970744252204895,0,-0.9901648163795471,-0.1325659602880478,-0.04471372067928314,0,0.12969286739826202,-0.9896148443222046,0.06199175864458084,0,-0.05356400087475777,0.11748500168323517,-0.0001880000054370612,1,0.7884508371353149,-0.43852463364601135,0.4313248097896576,0,-0.12485965341329575,0.5725259184837341,0.8103229403495789,0,-0.6022917032241821,-0.6927554607391357,0.39665481448173523,0,0,0.10648400336503983,0,1,0.2118654102087021,-0.8866816163063049,-0.4109855592250824,0,0.5738942623138428,0.453265517950058,-0.6820527911186218,0,0.7910493016242981,-0.09135884791612625,0.6048928499221802,0,0,0.310806006193161,0,1,0.8493675589561462,0.20239970088005066,0.4874512553215027,0,-0.008202800527215004,0.9285009503364563,-0.37123942375183105,0,-0.5277376174926758,0.3113202154636383,0.7902987599372864,0,0,0.2348410040140152,0,1,0.9605249166488647,-0.21958525478839874,0.17080384492874146,0,0.19050174951553345,0.9666120409965515,0.17137831449508667,0,-0.2027331441640854,-0.13207468390464783,0.9702860116958618,0,0,0.04594799876213074,0,1,0.994143009185791,0.10807310044765472,0.0006042218883521855,0,-0.10778890550136566,0.991904079914093,-0.06713460385799408,0,-0.007854778319597244,0.0666762962937355,0.9977439641952515,0,0,0.052184998989105225,0,1,0.9234970808029175,0.3799099922180176,-0.05312305688858032,0,-0.3722510039806366,0.8540810346603394,-0.3632846772670746,0,-0.09264405071735382,0.35526731610298157,0.9301629066467285,0,0.005311999935656786,0.059686001390218735,0.008244000375270844,1,-0.9567878246307373,-0.20583277940750122,-0.20540034770965576,0,0.10780750960111618,-0.9071156978607178,0.4068407714366913,0,-0.27006298303604126,0.3671165108680725,0.8901073336601257,0,0.12488999962806702,-0.04928499832749367,0.0067079998552799225,1,0.999390721321106,0.032609887421131134,-0.012437649071216583,0,-0.03261899948120117,0.745961606502533,-0.6651897430419922,0,-0.012413760647177696,0.6651904582977295,0.7465711832046509,0,0,0.4805760085582733,0,1,0.9360166192054749,-0.3400430977344513,0.09079385548830032,0,-0.04356255382299423,0.14405377209186554,0.9886105060577393,0,-0.3492492139339447,-0.9293106198310852,0.12002351880073547,0,0,0.39259400963783264,0,1,0.9947680234909058,0.10129136592149734,0.013316649943590164,0,-0.09693153947591782,0.8946003317832947,0.4362286627292633,0,0.03227309510111809,-0.4352368414402008,0.899737536907196,0,0,0.2655330002307892,0,1,-0.9104434251785278,0.27096378803253174,-0.3125247359275818,0,-0.3689502775669098,-0.8735642433166504,0.3174278140068054,0,-0.18699899315834045,0.4043061137199402,0.895302951335907,0,-0.12488999962806702,-0.04928499832749367,0.004391999915242195,1,0.9996674060821533,-0.02575107105076313,-0.0011783501831814647,0,0.009444698691368103,0.408413827419281,-0.912747859954834,0,0.02398550882935524,0.9124338626861572,0.40852153301239014,0,0,0.4809130132198334,0,1,0.9502119421958923,0.29472559690475464,-0.10116620361804962,0,0.1350167840719223,-0.09681683033704758,0.9861015677452087,0,0.280834823846817,-0.950664758682251,-0.131789430975914,0,0,0.3934980034828186,0,1,0.9933013916015625,-0.11283369362354279,-0.024938365444540977,0,0.11046316474676132,0.8637761473655701,0.49161824584007263,0,-0.033929917961359024,-0.4910796284675598,0.8704536557197571,0,0,0.27194899320602417,0,1
