1.800,30,53,33
B0,mixamorig_Hips,-1,-0.6366731524467468,-0.04738979786634445,-0.7696758508682251,0,-0.13145214319229126,0.990170955657959,0.04777083918452263,0,0.7598470449447632,0.13158999383449554,-0.6366448998451233,0,0.0028589998837560415,0.8392599821090698,-0.003350999904796481,1
B1,mixamorig_Spine,0,0.9979760050773621,0.03247983008623123,-0.05466228350996971,0,-0.040753111243247986,0.9866320490837097,-0.15778681635856628,0,0.04880668222904205,0.15969516336917877,0.985958993434906,0,0,0.08842600136995316,0.0027699999045580626,1
B2,mixamorig_Spine1,1,0.9925030469894409,0.060717109590768814,-0.10607584565877914,0,-0.07128593325614929,0.9925439953804016,-0.09886424988508224,0,0.0992821753025055,0.10568476468324661,0.9894310235977173,0,0,0.10321500152349472,0,1
B3,mixamorig_Spine2,2,0.9925030469894409,0.06067582592368126,-0.10609966516494751,0,-0.04934015870094299,0.9931010007858276,0.10638077557086945,0,0.11182235926389694,-0.10034821182489395,0.9886489510536194,0,0,0.11795999854803085,0,1
B4,mixamorig_Neck,3,0.9866660237312317,-0.007046921644359827,-0.16260679066181183,0,-0.004570929333567619,0.9974679946899414,-0.07096296548843384,0,0.16269518435001373,0.07076004147529602,0.9841359257698059,0,0,0.13270500302314758,0,1
B5,mixamorig_Head,4,0.9176600575447083,0.08967696875333786,-0.3871159851551056,0,-0.056499022990465164,0.9937499761581421,0.09627499431371689,0,0.39333000779151917,-0.0664760172367096,0.9169909954071045,0,0,0.09828600287437439,-0.024089999496936798,1
B6,mixamorig_HeadTop_End,5,1,0,0,0,0,1,0,0,0,0,1,0,0,0.41146600246429443,-0.10084900259971619,1
B7,mixamorig_LeftShoulder,3,-0.2649663984775543,-0.03369512781500816,0.963668942451477,0,-0.9402171969413757,-0.21273982524871826,-0.26595669984817505,0,0.21397221088409424,-0.9765280485153198,0.02468808926641941,0,-0.054016999900341034,0.11759299784898758,0.000881000014487654,1
B8,mixamorig_LeftArm,7,-0.7772089838981628,-0.4249209463596344,0.4641000032424927,0,-0.09112897515296936,0.8057869672775269,0.5851529836654663,0,-0.6226090788841248,0.41249293088912964,-0.6649870276451111,0,0,0.11812099814414978,0,1
B9,mixamorig_LeftForeArm,8,-0.08729387074708939,0.353628933429718,-0.9313040375709534,0,0.406619668006897,0.8660961985588074,0.2907550036907196,0,0.9094178676605225,-0.35330525040626526,-0.21939727663993835,0,0,0.30119600892066956,0,1
B10,mixamorig_LeftHand,9,0.9910020232200623,0.06639808416366577,-0.11621591448783875,0,-0.07821094989776611,0.9918859601020813,-0.10022624582052231,0,0.10861809551715851,0.10841376334428787,0.9881539940834045,0,0,0.23968000710010529,0,1
B11,mixamorig_LeftHandIndex1,10,-0.9071369171142578,-0.08105865120887756,-0.41295427083969116,0,-0.09842614829540253,0.994924008846283,0.020919492468237877,0,0.4091626703739166,0.059622377157211304,-0.9105111360549927,0,0,0.06460600346326828,0,1
B12,mixamorig_LeftHandIndex2,11,0.9671909213066101,-0.23023909330368042,-0.10738791525363922,0,0.23786599934101105,0.6722269058227539,0.7010930776596069,0,-0.08922987431287766,-0.7036340236663818,0.7049370408058167,0,0,0.04315600171685219,0,1
B13,mixamorig_LeftHandIndex3,12,0.7633090019226074,0.38282519578933716,-0.5203888416290283,0,-0.30879491567611694,0.9237390756607056,0.2266087681055069,0,0.5674551725387573,-0.012279086746275425,0.8233129382133484,0,-0.016997000202536583,0.039542000740766525,-0.04806400090456009,1
B14,mixamorig_LeftHandIndex4,13,1,0,0,0,0,1,0,0,0,0,1,0,0.010521000251173973,0.01070099975913763,-0.02380399964749813,1
B15,mixamorig_RightShoulder,3,-0.41291794180870056,0.08327893912792206,-0.9069530963897705,0,0.8916928768157959,-0.16577419638633728,-0.42119210958480835,0,-0.1854257583618164,-0.9826410412788391,-0.00580812431871891,0,0.054016999900341034,0.1175680011510849,0.0000670000008540228,1
B16,mixamorig_RightArm,15,-0.8321059346199036,0.06227155774831772,-0.5511103868484497,0,-0.4265066385269165,0.5633467435836792,0.7076244950294495,0,0.35453125834465027,0.8238710165023804,-0.44220513105392456,0,0,0.11812099814414978,0,1
B17,mixamorig_RightForeArm,16,-0.03510618582367897,-0.6241140961647034,0.7805439233779907,0,-0.5451562404632568,0.6665489673614502,0.5084457993507385,0,-0.8375992178916931,-0.40766894817352295,-0.36363980174064636,0,0,0.3043079972267151,0,1
B18,mixamorig_RightHand,17,0.8466978669166565,-0.5238072276115417,-0.09343007206916809,0,0.5281497240066528,0.8061060905456543,0.26692724227905273,0,-0.06450387090444565,-0.2753518223762512,0.9591770768165588,0,0,0.2405180037021637,0,1
B19,mixamorig_RightHandIndex1,18,-0.9043121337890625,-0.3452181816101074,0.2510836720466614,0,-0.13818368315696716,0.7932671308517456,0.5929859280586243,0,-0.40388619899749756,0.5015489459037781,-0.76506507396698,0,0,0.049681998789310455,0,1
B20,mixamorig_RightHandIndex2,19,0.6925058960914612,-0.628838300704956,0.353551983833313,0,0.6985048055648804,0.46195119619369507,-0.5465280413627625,0,0.18035385012626648,0.6254311800003052,0.7591499090194702,0,0,0.05247500166296959,0,1
B21,mixamorig_RightHandIndex3,20,0.6287197470664978,-0.6366710662841797,0.4464993476867676,0,0.7495068907737732,0.6491590738296509,-0.1297404170036316,0,-0.2072470635175705,0.41622456908226013,0.8853282332420349,0,0.0009609999833628535,0.05684100091457367,-0.00803299993276596,1
B22,mixamorig_RightHandIndex4,21,1,0,0,0,0,1,0,0,0,0,1,0,-0.0036539998836815357,0.023259000852704048,-0.016675999388098717,1
B23,mixamorig_LeftUpLeg,0,-0.6604281067848206,-0.0279234629124403,0.7503699660301208,0,-0.5837892293930054,-0.6093981266021729,-0.5364916920661926,0,0.4722547233104706,-0.7923721075057983,0.3861621618270874,0,-0.12488999962806702,-0.04911400005221367,-0.0067079998552799225,1
B24,mixamorig_LeftLeg,23,0.9382250308990479,0.19214791059494019,-0.2877718210220337,0,0.1244390606880188,0.5886470675468445,0.7987549304962158,0,0.32287517189979553,-0.785222053527832,0.5283727645874023,0,0,0.4804210066795349,0,1
B25,mixamorig_LeftFoot,24,-0.976370096206665,-0.1855289489030838,-0.11082112044095993,0,0.05787588283419609,0.26958999037742615,-0.9612340331077576,0,0.20821301639080048,-0.9449340105056763,-0.25248202681541443,0,0,0.39259400963783264,0,1
B26,mixamorig_LeftToeBase,25,0.9987099766731262,0.01071616355329752,-0.049632478505373,0,0.010021360591053963,0.9166499972343445,0.39956504106521606,0,0.04977740719914436,-0.39954692125320435,0.9153599143028259,0,0,0.2655330002307892,0,1
B27,mixamorig_LeftToe_End,26,1,0,0,0,0,1,0,0,0,0,1,0,0,0.1120460033416748,0,1
B28,mixamorig_RightUpLeg,0,-0.9102239012718201,-0.3436938524246216,-0.23101304471492767,0,0.41397398710250854,-0.7697939276695251,-0.48584091663360596,0,-0.010851893573999405,-0.5378579497337341,0.8429660201072693,0,0.12488999962806702,-0.04911400005221367,-0.004391999915242195,1
B29,mixamorig_RightLeg,28,0.9865480661392212,0.05537533760070801,0.15380996465682983,0,-0.16234587132930756,0.44224515557289124,0.8820789456367493,0,-0.01917627453804016,-0.8951831459999084,0.44528576731681824,0,0,0.48075801134109497,0,1
B30,mixamorig_RightFoot,29,-0.8919531106948853,0.4390617311000824,-0.10790891945362091,0,-0.013196004554629326,-0.2638480067253113,-0.9644740223884583,0,-0.4519353210926056,-0.8588418364524841,0.24113398790359497,0,0,0.3934980034828186,0,1
B31,mixamorig_RightToeBase,30,0.9985179901123047,-0.05437568947672844,-0.0022498974576592445,0,0.051649320870637894,0.933803915977478,0.3540361225605011,0,-0.01715000532567501,-0.35362786054611206,0.9352291226387024,0,0,0.27194899320602417,0,1
B32,mixamorig_RightToe_End,31,1,0,0,0,0,1,0,0,0,0,1,0,0,0.11006300151348114,0,1
@28,0,1,2,3,4,5,7,8,9,10,11,12,13,15,16,17,18,19,20,21,23,24,25,26,28,29,30,31
K0,-0.6366731524467468,-0.04738978296518326,-0.7696759104728699,0,-0.13145221769809723,0.990170955657959,0.047770906239748,0,0.759847104549408,0.1315900832414627,-0.6366448998451233,0,0.0028589998837560415,0.8392599821090698,-0.003350999904796481,1,0.9979760050773621,0.03247985988855362,-0.0546623058617115,0,-0.040753141045570374,0.9866320490837097,-0.15778681635856628,0,0.04880669713020325,0.15969516336917877,0.985958993434906,0,0,0.08842600136995316,0.0027699999045580626,1,0.9925030469894409,0.06071708723902702,-0.10607584565877914,0,-0.0712859109044075,0.9925439953804016,-0.09886424988508224,0,0.0992821753025055,0.10568476468324661,0.9894310235977173,0,0,0.10321500152349472,0,1,0.9925030469894409,0.060675833374261856,-0.10609965026378632,0,-0.04934016615152359,0.9931010007858276,0.10638078302145004,0,0.11182234436273575,-0.10034821927547455,0.9886489510536194,0,0,0.11795999854803085,0,1,0.9866660237312317,-0.007046925835311413,-0.16260680556297302,0,-0.004570926073938608,0.9974679946899414,-0.07096296548843384,0,0.16269519925117493,0.07076003402471542,0.9841359257698059,0,0,0.13270500302314758,0,1,0.9176600575447083,0.08967696875333786,-0.3871159851551056,0,-0.056499022990465164,0.9937499761581421,0.09627499431371689,0,0.39333000779151917,-0.0664760172367096,0.9169909954071045,0,0,0.09828600287437439,-0.024089999496936798,1,-0.26496633887290955,-0.03369530662894249,0.9636688232421875,0,-0.940217137336731,-0.21273942291736603,-0.2659567892551422,0,0.21397195756435394,-0.976527988910675,0.024687962606549263,0,-0.054016999900341034,0.11759299784898758,0.000881000014487654,1,-0.7772089838981628,-0.4249209463596344,0.4640999436378479,0,-0.09112901985645294,0.8057869672775269,0.5851530432701111,0,-0.62260901927948,0.41249293088912964,-0.6649870276451111,0,0,0.11812099814414978,0,1,-0.08729405701160431,0.35362866520881653,-0.9313040971755981,0,0.40661972761154175,0.8660963177680969,0.29075467586517334,0,0.9094178080558777,-0.35330528020858765,-0.21939736604690552,0,0,0.30119600892066956,0,1,0.9910020232200623,0.06639806926250458,-0.11621591448783875,0,-0.07821093499660492,0.9918859601020813,-0.10022624582052231,0,0.10861809551715851,0.10841375589370728,0.9881539940834045,0,0,0.23968000710010529,0,1,-0.9071369171142578,-0.08105873316526413,-0.41295430064201355,0,-0.09842626005411148,0.994924008846283,0.02091953344643116,0,0.409162700176239,0.05962246656417847,-0.9105111360549927,0,0,0.06460600346326828,0,1,0.9671909213066101,-0.23023904860019684,-0.10738786309957504,0,0.23786593973636627,0.6722269058227539,0.7010930776596069,0,-0.08922987431287766,-0.7036340236663818,0.7049370408058167,0,0,0.04315600171685219,0,1,0.7633090019226074,0.38282516598701477,-0.5203888416290283,0,-0.3087948262691498,0.9237391352653503,0.22660882771015167,0,0.5674551725387573,-0.012279173359274864,0.8233128786087036,0,-0.016997000202536583,0.039542000740766525,-0.04806400090456009,1,-0.412917822599411,0.08327895402908325,-0.9069531559944153,0,0.8916928768157959,-0.16577430069446564,-0.4211919903755188,0,-0.18542587757110596,-0.9826410412788391,-0.0058080945163965225,0,0.054016999900341034,0.1175680011510849,0.0000670000008540228,1,-0.8321061134338379,0.0622713677585125,-0.5511100888252258,0,-0.4265064001083374,0.5633469820022583,0.7076244354248047,0,0.35453107953071594,0.823870837688446,-0.4422055184841156,0,0,0.11812099814414978,0,1,-0.03510602191090584,-0.6241142749786377,0.7805437445640564,0,-0.5451563000679016,0.6665487885475159,0.5084459185600281,0,-0.8375990986824036,-0.40766894817352295,-0.36363980174064636,0,0,0.3043079972267151,0,1,0.8466978073120117,-0.5238072872161865,-0.09342996776103973,0,0.5281497240066528,0.8061060905456543,0.26692724227905273,0,-0.06450396776199341,-0.27535176277160645,0.9591770768165588,0,0,0.2405180037021637,0,1,-0.9043119549751282,-0.3452182710170746,0.25108370184898376,0,-0.13818368315696716,0.793267011642456,0.5929860472679138,0,-0.4038862884044647,0.5015490055084229,-0.7650648355484009,0,0,0.049681998789310455,0,1,0.6925058960914612,-0.628838300704956,0.3535519242286682,0,0.6985047459602356,0.46195128560066223,-0.5465279221534729,0,0.18035385012626648,0.6254310607910156,0.7591500282287598,0,0,0.05247500166296959,0,1,0.6287197470664978,-0.6366711258888245,0.44649916887283325,0,0.749506950378418,0.6491590142250061,-0.12974047660827637,0,-0.20724686980247498,0.41622447967529297,0.8853282928466797,0,0.0009609999833628535,0.05684100091457367,-0.00803299993276596,1,-0.6604278087615967,-0.027923500165343285,0.7503700852394104,0,-0.5837894082069397,-0.6093978881835938,-0.5364916324615479,0,0.4722546935081482,-0.7923721671104431,0.3861619234085083,0,-0.12488999962806702,-0.04911400005221367,-0.0067079998552799225,1,0.9382250308990479,0.19214798510074615,-0.2877717614173889,0,0.12443898618221283,0.5886470675468445,0.7987549304962158,0,0.3228752017021179,-0.785222053527832,0.5283727645874023,0,0,0.4804210066795349,0,1,-0.976370096206665,-0.18552885949611664,-0.11082108318805695,0,0.057875871658325195,0.26958999037742615,-0.9612340331077576,0,0.2082129269838333,-0.9449340105056763,-0.25248202681541443,0,0,0.39259400963783264,0,1,0.9987099766731262,0.010716274380683899,-0.049632515758275986,0,0.010021274909377098,0.9166499972343445,0.39956507086753845,0,0.04977748543024063,-0.39954695105552673,0.9153599143028259,0,0,0.2655330002307892,0,1,-0.9102239608764648,-0.34369391202926636,-0.23101308941841125,0,0.4139740765094757,-0.7697939276695251,-0.48584097623825073,0,-0.010851893573999405,-0.5378580093383789,0.8429660201072693,0,0.12488999962806702,-0.04911400005221367,-0.004391999915242195,1,0.9865480661392212,0.05537531152367592,0.15380977094173431,0,-0.16234569251537323,0.4422451853752136,0.8820789456367493,0,-0.019176216796040535,-0.8951830863952637,0.4452857971191406,0,0,0.48075801134109497,0,1,-0.8919532299041748,0.4390617907047272,-0.10790868103504181,0,-0.013196209445595741,-0.2638479471206665,-0.964474081993103,0,-0.4519353210926056,-0.8588418960571289,0.2411338984966278,0,0,0.3934980034828186,0,1,0.9985179901123047,-0.054375674575567245,-0.002249951008707285,0,0.05164932459592819,0.933803915977478,0.3540361523628235,0,-0.017149951308965683,-0.35362789034843445,0.9352290630340576,0,0,0.27194899320602417,0,1
K0.034,-0.6368712186813354,-0.046981703490018845,-0.7695374488830566,0,-0.1291520595550537,0.990537703037262,0.04641241207718849,0,0.7600752711296082,0.12894606590270996,-0.6369127035140991,0,0.002654111245647073,0.8389818668365479,-0.0035278862342238426,1,0.9979546666145325,0.03241415694355965,-0.05510665476322174,0,-0.04080400615930557,0.9864857792854309,-0.1586821973323822,0,0.04921838268637657,0.16060620546340942,0.9857907891273499,0,0,0.08842600136995316,0.0027699999045580626,1,0.9924492239952087,0.060698650777339935,-0.10658199340105057,0,-0.07146931439638138,0.9923844933509827,-0.10032905638217926,0,0.09968043118715286,0.10718879848718643,0.9892289042472839,0,0,0.10321500152349472,0,1,0.9924513697624207,0.06064065545797348,-0.10659851878881454,0,-0.049423202872276306,0.9932544827461243,0.10489337146282196,0,0.1122402474284172,-0.0988331288099289,0.9887537956237793,0,0,0.11795999854803085,0,1,0.9866133332252502,-0.005413193721324205,-0.1629861742258072,0,-0.006425263360142708,0.9973822832107544,-0.07202005386352539,0,0.16294951736927032,0.07210323959589005,0.9839967489242554,0,0,0.13270500302314758,0,1,0.9182087182998657,0.08538476377725601,-0.3867844045162201,0,-0.0532066747546196,0.9942274689674377,0.0931708887219429,0,0.3925069570541382,-0.06497079879045486,0.9174511432647705,0,0,0.09828600287437439,-0.024089999496936798,1,-0.2628903388977051,-0.033393438905477524,0.9642477035522461,0,-0.9409793615341187,-0.2119460105895996,-0.2638865113258362,0,0.2131805419921875,-0.9767105579376221,0.024295998737215996,0,-0.054016999900341034,0.11759299784898758,0.000881000014487654,1,-0.777045726776123,-0.42328080534935,0.4658694267272949,0,-0.08548137545585632,0.804233729839325,0.5881343483924866,0,-0.6236135363578796,0.4171838164329529,-0.661108672618866,0,0,0.11812099814414978,0,1,-0.08653727173805237,0.3563630282878876,-0.9303310513496399,0,0.40978842973709106,0.8639093041419983,0.292802631855011,0,0.9080661535263062,-0.35590076446533203,-0.2207939326763153,0,0,0.30119600892066956,0,1,0.9913963079452515,0.0642375573515892,-0.11404964327812195,0,-0.07621221989393234,0.9916591644287109,-0.103943832218647,0,0.10642124712467194,0.11174148321151733,0.9880226850509644,0,0,0.23968000710010529,0,1,-0.9075289964675903,-0.07760316878557205,-0.4127579927444458,0,-0.09552435576915741,0.9951625466346741,0.02292710915207863,0,0.40898221731185913,0.06023547798395157,-0.9105522036552429,0,0,0.06460600346326828,0,1,0.96720951795578,-0.23020121455192566,-0.10729687660932541,0,0.2378103882074356,0.6725249290466309,0.7008256316184998,0,-0.08917108923196793,-0.7033615112304688,0.7052167057991028,0,0,0.04315600171685219,0,1,0.7632128596305847,0.38277873396873474,-0.5205639600753784,0,-0.3089354634284973,0.9237632751464844,0.22631877660751343,0,0.5675076842308044,-0.011908696964383125,0.8232815861701965,0,-0.016997000202536583,0.039542000740766525,-0.04806400090456009,1,-0.41272860765457153,0.08313213288784027,-0.9070525765419006,0,0.8918778896331787,-0.16532805562019348,-0.4209762215614319,0,-0.18495780229568481,-0.9827286601066589,-0.005908100865781307,0,0.054016999900341034,0.1175680011510849,0.0000670000008540228,1,-0.8292730450630188,0.060329169034957886,-0.5555780529975891,0,-0.43174514174461365,0.5620582699775696,0.7054690718650818,0,0.3548276424407959,0.8248947262763977,-0.44005295634269714,0,0,0.11812099814414978,0,1,-0.03137597441673279,-0.6295946836471558,0.7762901782989502,0,-0.5495003461837769,0.659631609916687,0.5127715468406677,0,-0.8349039554595947,-0.41048306226730347,-0.36665916442871094,0,0,0.3043079972267151,0,1,0.8570181727409363,-0.5073376297950745,-0.09015441685914993,0,0.5119925141334534,0.8186581134796143,0.2601182162761688,0,-0.058162201195955276,-0.2690848112106323,0.9613593220710754,0,0,0.2405180037021637,0,1,-0.9043119549751282,-0.3452182710170746,0.25108370184898376,0,-0.13818368315696716,0.793267011642456,0.5929860472679138,0,-0.4038862884044647,0.5015490055084229,-0.7650648355484009,0,0,0.049681998789310455,0,1,0.6925061941146851,-0.628838062286377,0.35355186462402344,0,0.6985040903091431,0.4619511067867279,-0.5465278029441833,0,0.1803538054227829,0.62543123960495,0.7591499090194702,0,0,0.05247500166296959,0,1,0.6287190914154053,-0.6366709470748901,0.44649890065193176,0,0.7495070695877075,0.6491589546203613,-0.12973995506763458,0,-0.20724709331989288,0.41622406244277954,0.8853279948234558,0,0.0009609999833628535,0.05684100091457367,-0.00803299993276596,1,-0.6596344113349915,-0.02585679478943348,0.7511417865753174,0,-0.5849071145057678,-0.609946608543396,-0.534647524356842,0,0.47198083996772766,-0.7920204401016235,0.38721802830696106,0,-0.12488999962806702,-0.04911400005221367,-0.0067079998552799225,1,0.9379820823669434,0.19299925863742828,-0.2879939377307892,0,0.12447395920753479,0.587837815284729,0.7993452548980713,0,0.3235667645931244,-0.7856192588806152,0.5273579955101013,0,0,0.4804210066795349,0,1,-0.9764798283576965,-0.18525201082229614,-0.11030872911214828,0,0.057503778487443924,0.26932021975517273,-0.9613327383995056,0,0.20779722929000854,-0.945065438747406,-0.25233304500579834,0,0,0.39259400963783264,0,1,0.9987099766731262,0.010716824792325497,-0.04963289946317673,0,0.010020863264799118,0.9166510105133057,0.39956405758857727,0,0.04977809637784958,-0.39954590797424316,0.9153609871864319,0,0,0.2655330002307892,0,1,-0.9102374315261841,-0.34400126338005066,-0.230503112077713,0,0.41393253207206726,-0.7711247801780701,-0.4837636351585388,0,-0.011331337504088879,-0.5357519388198853,0.8442990183830261,0,0.12488999962806702,-0.04911400005221367,-0.004391999915242195,1,0.9865821003913879,0.054849524050951004,0.1537756621837616,0,-0.16210193932056427,0.4413098096847534,0.8825923800468445,0,-0.01945292204618454,-0.8956767320632935,0.44427934288978577,0,0,0.48075801134109497,0,1,-0.8921191096305847,0.43863946199417114,-0.10825209319591522,0,-0.013209007680416107,-0.26482200622558594,-0.9642066359519958,0,-0.45160675048828125,-0.8587575554847717,0.24204692244529724,0,0,0.3934980034828186,0,1,0.9985193610191345,-0.05435921624302864,-0.0022497361060231924,0,0.05162854120135307,0.9336955547332764,0.35432499647140503,0,-0.01716025546193123,-0.35391637682914734,0.9351192116737366,0,0,0.27194899320602417,0,1
K0.068,-0.6356362104415894,-0.04655884578824043,-0.7705832719802856,0,-0.12697556614875793,0.990890622138977,0.044869314879179,0,0.7614749670028687,0.12636585533618927,-0.6357579827308655,0,0.002444794401526451,0.8393378853797913,-0.003456532023847103,1,0.9979332089424133,0.03264380618929863,-0.0553450845181942,0,-0.04108382388949394,0.9864285588264465,-0.15896862745285034,0,0.049404632300138474,0.1609138697385788,0.9857309460639954,0,0,0.08842600136995316,0.0027699999045580626,1,0.9924590587615967,0.061257097870111465,-0.1061706691980362,0,-0.07197263091802597,0.9923578500747681,-0.10022468119859695,0,0.09921988844871521,0.10711034387350082,0.9892839789390564,0,0,0.10321500152349472,0,1,0.9924640655517578,0.06117857247591019,-0.10616998374462128,0,-0.04999386891722679,0.9932165145874023,0.10498686879873276,0,0.11187268793582916,-0.09888780862092972,0.9887899160385132,0,0,0.11795999854803085,0,1,0.9861295819282532,-0.0022959155030548573,-0.1659606397151947,0,-0.010379274375736713,0.9970940351486206,-0.07546701282262802,0,0.16565175354480743,0.07614286988973618,0.9832409024238586,0,0,0.13270500302314758,0,1,0.9183361530303955,0.07982131093740463,-0.3876696527004242,0,-0.04846922308206558,0.9947608709335327,0.09000465273857117,0,0.39282283186912537,-0.06386446952819824,0.9173936247825623,0,0,0.09828600287437439,-0.024089999496936798,1,-0.26141291856765747,-0.0339096337556839,0.9646308422088623,0,-0.9408457279205322,-0.21424998342990875,-0.26249879598617554,0,0.2155734747648239,-0.9761896729469299,0.024104038253426552,0,-0.054016999900341034,0.11759299784898758,0.000881000014487654,1,-0.7785587310791016,-0.41292670369148254,0.47258684039115906,0,-0.06871362030506134,0.804601788520813,0.5898259282112122,0,-0.623798668384552,0.4267406463623047,-0.6548028588294983,0,0,0.11812099814414978,0,1,-0.08438705652952194,0.36272233724594116,-0.9280686974525452,0,0.4164326786994934,0.8589898943901062,0.29785865545272827,0,0.905241847038269,-0.36134278774261475,-0.2235371321439743,0,0,0.30119600892066956,0,1,0.991868257522583,0.05799931287765503,-0.1132809966802597,0,-0.07044243812561035,0.9915292263031006,-0.10912342369556427,0,0.1059923991560936,0.11621592938899994,0.9875526428222656,0,0,0.23968000710010529,0,1,-0.9078508615493774,-0.07434747368097305,-0.4126480519771576,0,-0.09262213110923767,0.9954014420509338,0.02443121373653412,0,0.40893417596817017,0.060400255024433136,-0.9105623960494995,0,0,0.06460600346326828,0,1,0.9672393798828125,-0.2300976663827896,-0.10724920779466629,0,0.23772287368774414,0.6727009415626526,0.700685977935791,0,-0.08907962590456009,-0.7032271027565002,0.7053627371788025,0,0,0.04315600171685219,0,1,0.7631479501724243,0.38275185227394104,-0.5206790566444397,0,-0.3090282380580902,0.9237772226333618,0.22613388299942017,0,0.5675448775291443,-0.01166907325387001,0.8232601881027222,0,-0.016997000202536583,0.039542000740766525,-0.04806400090456009,1,-0.4113897383213043,0.0821460634469986,-0.9077496528625488,0,0.8930072784423828,-0.16305530071258545,-0.4194640815258026,0,-0.1824709177017212,-0.9831913113594055,-0.006277751177549362,0,0.054016999900341034,0.1175680011510849,0.0000670000008540228,1,-0.825019359588623,0.0629333108663559,-0.5615888237953186,0,-0.436650812625885,0.559839129447937,0.704212486743927,0,0.35871797800064087,0.8262076377868652,-0.4343983232975006,0,0,0.11812099814414978,0,1,-0.02737039141356945,-0.6354372501373291,0.7716673016548157,0,-0.5539333820343018,0.6522351503372192,0.5174422264099121,0,-0.832110583782196,-0.4132896363735199,-0.3698418140411377,0,0,0.3043079972267151,0,1,0.8677592873573303,-0.48926350474357605,-0.0872604101896286,0,0.49421221017837524,0.8309957981109619,0.255342572927475,0,-0.05241679772734642,-0.26470115780830383,0.9629048109054565,0,0,0.2405180037021637,0,1,-0.9043130278587341,-0.3452180027961731,0.25108402967453003,0,-0.13818314671516418,0.7932671308517456,0.5929858684539795,0,-0.40388599038124084,0.5015491247177124,-0.7650648951530457,0,0,0.049681998789310455,0,1,0.6925061345100403,-0.6288378834724426,0.35355105996131897,0,0.6985040307044983,0.46195170283317566,-0.5465281009674072,0,0.180354043841362,0.6254308223724365,0.7591501474380493,0,0,0.05247500166296959,0,1,0.6287190914154053,-0.6366709470748901,0.44649890065193176,0,0.7495070695877075,0.6491589546203613,-0.12973995506763458,0,-0.20724709331989288,0.41622406244277954,0.8853279948234558,0,0.0009609999833628535,0.05684100091457367,-0.00803299993276596,1,-0.6584497094154358,-0.02299855835735798,0.7522734999656677,0,-0.5856816172599792,-0.6120829582214355,-0.531347930431366,0,0.4726739823818207,-0.7904585599899292,0.38955602049827576,0,-0.12488999962806702,-0.04911400005221367,-0.0067079998552799225,1,0.9379918575286865,0.19268839061260223,-0.2881697714328766,0,0.12442740797996521,0.5887464284896851,0.798683762550354,0,0.3235560953617096,-0.785015344619751,0.5282638072967529,0,0,0.4804210066795349,0,1,-0.9763572812080383,-0.18590104579925537,-0.11030735820531845,0,0.05734884738922119,0.26924243569374084,-0.9613630175590515,0,0.2084178775548935,-0.9449601769447327,-0.2522156834602356,0,0,0.39259400963783264,0,1,0.9987099766731262,0.01071589533239603,-0.04963311180472374,0,0.010021857917308807,0.9166499972343445,0.3995650112628937,0,0.049777884036302567,-0.39954695105552673,0.9153599739074707,0,0,0.2655330002307892,0,1,-0.9104871153831482,-0.3439304828643799,-0.2296207994222641,0,0.4133734703063965,-0.7725962400436401,-0.4818892776966095,0,-0.011667754501104355,-0.5336728096008301,0.8456101417541504,0,0.12488999962806702,-0.04911400005221367,-0.004391999915242195,1,0.9865825772285461,0.05343391001224518,0.154269278049469,0,-0.16189302504062653,0.44226643443107605,0.8821510672569275,0,-0.021091358736157417,-0.8952904939651489,0.44498318433761597,0,0,0.48075801134109497,0,1,-0.893055260181427,0.4365551769733429,-0.10895297676324844,0,-0.012103669345378876,-0.2653678357601166,-0.96407151222229,0,-0.44978299736976624,-0.8596503734588623,0.24227207899093628,0,0,0.3934980034828186,0,1,0.9983735084533691,-0.05660121887922287,-0.006802281364798546,0,0.05533604696393013,0.9334709644317627,0.3543587923049927,0,-0.013707409612834454,-0.35415884852409363,0.9350848197937012,0,0,0.27194899320602417,0,1
K0.102,-0.6328243613243103,-0.04641848802566528,-0.7729032039642334,0,-0.12607230246067047,0.9910581707954407,0.043703027069568634,0,0.7639627456665039,0.12509793043136597,-0.6330173015594482,0,0.0022543207742273808,0.8407703638076782,-0.003079603658989072,1,0.9979133605957031,0.03310254588723183,-0.05544485151767731,0,-0.041514795273542404,0.9865337610244751,-0.1582002192735672,0,0.04946138337254524,0.16017185151576996,0.9858492612838745,0,0,0.08842600136995316,0.0027699999045580626,1,0.9924017786979675,0.06237291544675827,-0.10605577379465103,0,-0.0728987529873848,0.9924679398536682,-0.09845514595508575,0,0.09911604970693588,0.10543842613697052,0.9894742369651794,0,0,0.10321500152349472,0,1,0.9924074411392212,0.06229877844452858,-0.10604418814182281,0,-0.05092812329530716,0.9929808974266052,0.10674843192100525,0,0.11195015907287598,-0.10053731501102448,0.9886144399642944,0,0,0.11795999854803085,0,1,0.9854205250740051,0.0007479012128897011,-0.1701347976922989,0,-0.015820493921637535,0.996060311794281,-0.08725367486476898,0,0.16939927637577057,0.0886731818318367,0.9815501570701599,0,0,0.13270500302314758,0,1,0.9183804988861084,0.07590197771787643,-0.388351708650589,0,-0.04320928081870079,0.9947982430458069,0.09224778413772583,0,0.3933333158493042,-0.06793814897537231,0.9168828129768372,0,0,0.09828600287437439,-0.024089999496936798,1,-0.2581636607646942,-0.034544557332992554,0.9654836058616638,0,-0.9408718943595886,-0.2179025113582611,-0.25937917828559875,0,0.21934151649475098,-0.9753589034080505,0.023752568289637566,0,-0.054016999900341034,0.11759299784898758,0.000881000014487654,1,-0.7789077758789062,-0.40329310297966003,0.4802674949169159,0,-0.05246640741825104,0.8050280809402466,0.5909118056297302,0,-0.6249399185180664,0.4350682497024536,-0.6482023596763611,0,0,0.11812099814414978,0,1,-0.08385324478149414,0.3644102215766907,-0.9274554252624512,0,0.4197133183479309,0.8570629358291626,0.29880478978157043,0,0.9037747979164124,-0.36420947313308716,-0.2248152196407318,0,0,0.30119600892066956,0,1,0.9919710159301758,0.05307728052139282,-0.11478471010923386,0,-0.06612244248390198,0.9913913011550903,-0.11300452798604965,0,0.10779865831136703,0.11968713253736496,0.9869416356086731,0,0,0.23968000710010529,0,1,-0.9082562923431396,-0.07038228958845139,-0.4124530255794525,0,-0.08946900069713593,0.99562007188797,0.02712246961891651,0,0.4087376296520233,0.06153591349720955,-0.910575270652771,0,0,0.06460600346326828,0,1,0.9673096537590027,-0.22985385358333588,-0.10713857412338257,0,0.23751763999462128,0.6731116771697998,0.7003619074821472,0,-0.08886467665433884,-0.7029142379760742,0.7057018876075745,0,0,0.04315600171685219,0,1,0.7629989981651306,0.38268566131591797,-0.5209454894065857,0,-0.3092421293258667,0.9238114356994629,0.22570104897022247,0,0.5676281452178955,-0.01111137680709362,0.8232099413871765,0,-0.016997000202536583,0.039542000740766525,-0.04806400090456009,1,-0.4119740128517151,0.08111803233623505,-0.9075775146484375,0,0.8933138251304626,-0.16040264070034027,-0.41983580589294434,0,-0.17963401973247528,-0.9837128520011902,-0.006382230203598738,0,0.054016999900341034,0.1175680011510849,0.0000670000008540228,1,-0.8197842836380005,0.06518405675888062,-0.5689504146575928,0,-0.44366687536239624,0.5558910965919495,0.7029547095298767,0,0.36209574341773987,0.8286952972412109,-0.42679059505462646,0,0,0.11812099814414978,0,1,-0.024212392047047615,-0.6398937702178955,0.7680817246437073,0,-0.5571855902671814,0.6465465426445007,0.5210777521133423,0,-0.8300344944000244,-0.41534730792045593,-0.3721938133239746,0,0,0.3043079972267151,0,1,0.8774629235267639,-0.4721046984195709,-0.08470754325389862,0,0.4772588312625885,0.8417854905128479,0.2522328794002533,0,-0.0477747768163681,-0.26175251603126526,0.9639521241188049,0,0,0.2405180037021637,0,1,-0.9043121337890625,-0.34521880745887756,0.2510836124420166,0,-0.1381840854883194,0.7932668924331665,0.5929861068725586,0,-0.4038863778114319,0.5015488862991333,-0.7650647163391113,0,0,0.049681998789310455,0,1,0.6925061345100403,-0.6288378834724426,0.35355105996131897,0,0.6985040307044983,0.46195170283317566,-0.5465281009674072,0,0.180354043841362,0.6254308223724365,0.7591501474380493,0,0,0.05247500166296959,0,1,0.6287190318107605,-0.6366718411445618,0.4464992582798004,0,0.7495070695877075,0.6491580009460449,-0.12973985075950623,0,-0.2072468250989914,0.4162242114543915,0.8853279948234558,0,0.0009609999833628535,0.05684100091457367,-0.00803299993276596,1,-0.6572019457817078,-0.020321054384112358,0.7534408569335938,0,-0.5851656794548035,-0.6162856221199036,-0.5270427465438843,0,0.47504448890686035,-0.7872606515884399,0.39313262701034546,0,-0.12488999962806702,-0.04911400005221367,-0.0067079998552799225,1,0.938381016254425,0.190412700176239,-0.28841692209243774,0,0.12418895214796066,0.5930095911026001,0.7955605387687683,0,0.32251879572868347,-0.7823569178581238,0.532821774482727,0,0,0.4804210066795349,0,1,-0.9759143590927124,-0.1877453774213791,-0.1111001968383789,0,0.05744161829352379,0.27015578746795654,-0.9611018896102905,0,0.21045666933059692,-0.9443343281745911,-0.25286445021629333,0,0,0.39259400963783264,0,1,0.9987099766731262,0.010716372169554234,-0.04963299259543419,0,0.010021316818892956,0.916650116443634,0.39956387877464294,0,0.04977799952030182,-0.3995461165904999,0.9153608679771423,0,0,0.2655330002307892,0,1,-0.911148190498352,-0.34412726759910583,-0.22668245434761047,0,0.4119458794593811,-0.7746005654335022,-0.47988978028297424,0,-0.010445211082696915,-0.5306318998336792,0.8475381731987,0,0.12488999962806702,-0.04911400005221367,-0.004391999915242195,1,0.9865450859069824,0.054968275129795074,0.15397265553474426,0,-0.1621832400560379,0.44789204001426697,0.879254937171936,0,-0.020631998777389526,-0.8923964500427246,0.45078063011169434,0,0,0.48075801134109497,0,1,-0.8928433060646057,0.43726596236228943,-0.1078382357954979,0,-0.01160791702568531,-0.2617086172103882,-0.9650772213935852,0,-0.45021748542785645,-0.8604108095169067,0.2387404888868332,0,0,0.3934980034828186,0,1,0.9984833002090454,-0.054953448474407196,-0.0033932672813534737,0,0.052598148584365845,0.9338420629501343,0.3537975251674652,0,-0.0162736214697361,-0.35343945026397705,0.935316264629364,0,0,0.27194899320602417,0,1
K0.136,-0.6289598345756531,-0.04616158828139305,-0.7760667204856873,0,-0.12626151740550995,0.9910484552383423,0.04337906092405319,0,0.7671163082122803,0.12527088820934296,-0.629157304763794,0,0.00214390573091805,0.843239963054657,-0.0024558231234550476,1,0.9979025721549988,0.03367750346660614,-0.05529050529003143,0,-0.041966598480939865,0.9868073463439941,-0.1563626080751419,0,0.04929516837000847,0.1583549678325653,0.9861506819725037,0,0,0.08842600136995316,0.0027699999045580626,1,0.9922906160354614,0.06352974474430084,-0.10640892386436462,0,-0.07379830628633499,0.9926878213882446,-0.09551988542079926,0,0.09956258535385132,0.10263637453317642,0.9897240996360779,0,0,0.10321500152349472,0,1,0.992291271686554,0.0634704977273941,-0.10643838346004486,0,-0.05172286555171013,0.9926170706748962,0.10971374064683914,0,0.11261613667011261,-0.10336267948150635,0.9882480502128601,0,0,0.11795999854803085,0,1,0.9845539331436157,0.0034551131539046764,-0.17504705488681793,0,-0.022277027368545532,0.9941512942314148,-0.1056746169924736,0,0.17365814745426178,0.1079418808221817,0.978872537612915,0,0,0.13270500302314758,0,1,0.9183924794197083,0.07379679381847382,-0.3887273669242859,0,-0.037971578538417816,0.9943569302558899,0.09906050562858582,0,0.3938441574573517,-0.07621584087610245,0.9160122275352478,0,0,0.09828600287437439,-0.024089999496936798,1,-0.2535209655761719,-0.035159118473529816,0.9666904807090759,0,-0.9411712884902954,-0.22186414897441864,-0.25489768385887146,0,0.22343595325946808,-0.9744434356689453,0.0231564249843359,0,-0.054016999900341034,0.11759299784898758,0.000881000014487654,1,-0.7784411907196045,-0.396616667509079,0.4865434169769287,0,-0.03986048698425293,0.8047677874565125,0.592249870300293,0,-0.6264506578445435,0.44163787364959717,-0.6422737836837769,0,0,0.11812099814414978,0,1,-0.08552215993404388,0.35978639125823975,-0.9291072487831116,0,0.4174533486366272,0.8596627116203308,0.29446908831596375,0,0.904664933681488,-0.36267533898353577,-0.22371427714824677,0,0,0.30119600892066956,0,1,0.9915451407432556,0.05102653056383133,-0.11930734664201736,0,-0.06468310952186584,0.9914246797561646,-0.11354925483465195,0,0.11249026656150818,0.12030642479658127,0.986343264579773,0,0,0.23968000710010529,0,1,-0.9088008403778076,-0.06485100835561752,-0.4121587574481964,0,-0.08583308756351471,0.9957766532897949,0.03257984295487404,0,0.40830522775650024,0.06498545408248901,-0.9105290770530701,0,0,0.06460600346326828,0,1,0.9674725532531738,-0.22928737103939056,-0.10688195377588272,0,0.2370399832725525,0.6740642189979553,0.6996060609817505,0,-0.0883655771613121,-0.702185332775116,0.7064893245697021,0,0,0.04315600171685219,0,1,0.762658953666687,0.382526159286499,-0.5215601921081543,0,-0.3097362518310547,0.9238921403884888,0.22469080984592438,0,0.5678154826164246,-0.009816344827413559,0.8230969309806824,0,-0.016997000202536583,0.039542000740766525,-0.04806400090456009,1,-0.41154009103775024,0.07998595386743546,-0.9078747034072876,0,0.8941380381584167,-0.15747833251953125,-0.4191874861717224,0,-0.17649970948696136,-0.984277606010437,-0.006709766108542681,0,0.054016999900341034,0.1175680011510849,0.0000670000008540228,1,-0.8142597079277039,0.06969642639160156,-0.5763012766838074,0,-0.44951802492141724,0.5524610280990601,0.70194011926651,0,0.36730673909187317,0.8306195735931396,-0.41851696372032166,0,0,0.11812099814414978,0,1,-0.023100147023797035,-0.6413487195968628,0.7669017314910889,0,-0.5580648183822632,0.6447383165359497,0.5223755836486816,0,-0.8294757604598999,-0.4159138798713684,-0.37280765175819397,0,0,0.3043079972267151,0,1,0.885611355304718,-0.4571349024772644,-0.08197439461946487,0,0.4622436463832855,0.8505159020423889,0.2509044110774994,0,-0.04497665539383888,-0.26009601354599,0.9645346403121948,0,0,0.2405180037021637,0,1,-0.9043130278587341,-0.3452180325984955,0.25108402967453003,0,-0.13818316161632538,0.7932671308517456,0.5929858684539795,0,-0.40388602018356323,0.5015491247177124,-0.7650648951530457,0,0,0.049681998789310455,0,1,0.692505955696106,-0.6288381218910217,0.35355108976364136,0,0.6985039710998535,0.4619514048099518,-0.5465277433395386,0,0.18035399913787842,0.6254304647445679,0.7591498494148254,0,0,0.05247500166296959,0,1,0.6287192106246948,-0.6366709470748901,0.4464995861053467,0,0.7495071291923523,0.6491588950157166,-0.12974020838737488,0,-0.20724734663963318,0.41622480750083923,0.8853280544281006,0,0.0009609999833628535,0.05684100091457367,-0.00803299993276596,1,-0.6559983491897583,-0.01804322563111782,0.7545467615127563,0,-0.5835254788398743,-0.6219485998153687,-0.5221859216690063,0,0.4787112772464752,-0.782850444316864,0.3974685072898865,0,-0.12488999962806702,-0.04911400005221367,-0.0067079998552799225,1,0.9390249252319336,0.1864122748374939,-0.28893494606018066,0,0.12384017556905746,0.6005550622940063,0.7899349331855774,0,0.32077473402023315,-0.7775498032569885,0.5408504009246826,0,0,0.4804210066795349,0,1,-0.9752219319343567,-0.1904737800359726,-0.11252547800540924,0,0.05763701722025871,0.27231860160827637,-0.960479736328125,0,0.21358893811702728,-0.9431662559509277,-0.2545926570892334,0,0,0.39259400963783264,0,1,0.9987099766731262,0.010716792196035385,-0.049632828682661057,0,0.010020867921411991,0.9166509509086609,0.39956411719322205,0,0.04977801814675331,-0.39954596757888794,0.9153609275817871,0,0,0.2655330002307892,0,1,-0.9120415449142456,-0.3437809348106384,-0.2235948145389557,0,0.4099940359592438,-0.7766209244728088,-0.47829434275627136,0,-0.009219929575920105,-0.5278967022895813,0.849258542060852,0,0.12488999962806702,-0.04911400005221367,-0.004391999915242195,1,0.9865161180496216,0.05642857402563095,0.15363192558288574,0,-0.16232655942440033,0.45723795890808105,0.8744047284126282,0,-0.020904937759041786,-0.8875525593757629,0.46023231744766235,0,0,0.48075801134109497,0,1,-0.8930668830871582,0.4371247887611389,-0.10655394941568375,0,-0.010155987925827503,-0.25635141134262085,-0.9665302038192749,0,-0.4498095214366913,-0.8620938658714294,0.23337846994400024,0,0,0.3934980034828186,0,1,0.9985042214393616,-0.05460716038942337,-0.0026122303679585457,0,0.052010428160429,0.9341301321983337,0.3531222343444824,0,-0.016842853277921677,-0.3527302145957947,0.9355738759040833,0,0,0.27194899320602417,0,1
