1.800,30,53,33
B0,mixamorig_Hips,-1,0.6366720199584961,0.04743599891662598,0.7696740031242371,0,-0.13148100674152374,0.9901689887046814,0.04773600026965141,0,-0.7598429918289185,-0.13158899545669556,0.636650025844574,0,0.0028210000600665808,0.8395259976387024,-0.003367000026628375,1
B1,mixamorig_Spine,0,0.9979749917984009,-0.03252499923110008,-0.054655998945236206,0,0.040651001036167145,0.9871019721031189,0.15484699606895447,0,0.04891499876976013,-0.1567550003528595,0.98642498254776,0,0,0.08873499929904938,-0.003043999895453453,1
B2,mixamorig_Spine1,1,0.9925029873847961,-0.06040100008249283,-0.10625600069761276,0,0.07099000364542007,0.9925649762153625,0.09887299686670303,0,0.09949400275945663,-0.10567499697208405,0.9894109964370728,0,0,0.10358499735593796,0,1
B3,mixamorig_Spine2,2,0.9925029873847961,-0.06035900115966797,-0.10627999901771545,0,0.04900699853897095,0.9931179881095886,-0.10636699944734573,0,0.1119690015912056,0.10036099702119827,0.988631010055542,0,0,0.1183829978108406,0,1
B4,mixamorig_Neck,3,0.9866660237312317,0.007532000076025724,-0.16258500516414642,0,0.00457100011408329,0.9972519874572754,0.07393699884414673,0,0.1626950055360794,-0.07369399815797806,0.9839199781417847,0,0,0.13318100571632385,0,1
B5,mixamorig_Head,4,0.9176599979400635,-0.08967699855566025,-0.3871159851551056,0,0.05649900063872337,0.9937499761581421,-0.09627500176429749,0,0.39333000779151917,0.0664760023355484,0.9169909954071045,0,0,0.11284200102090836,0.028209000825881958,1
B6,mixamorig_HeadTop_End,5,1,0,0,0,0,1,0,0,0,0,1,0,0,0.3948740065097809,0.0987119972705841,1
B7,mixamorig_LeftShoulder,3,0.26408299803733826,-0.0335099995136261,-0.9639179706573486,0,0.9366139769554138,-0.2296680063009262,0.2645869851112366,0,-0.23024800419807434,-0.9726920127868652,-0.02926499955356121,0,0.05356400087475777,0.11750900000333786,-0.0008880000095814466,1
B8,mixamorig_LeftArm,7,0.7642279863357544,0.4246410131454468,-0.4854229986667633,0,-0.08972000330686569,0.8153359889984131,0.5719940066337585,0,0.6386749744415283,-0.39358198642730713,0.6612020134925842,0,0,0.10648400336503983,0,1
B9,mixamorig_LeftForeArm,8,0.21498000621795654,0.40543800592422485,0.888484001159668,0,-0.4012390077114105,0.866096019744873,-0.29813700914382935,0,-0.890388011932373,-0.292400985956192,0.34887099266052246,0,0,0.3087559938430786,0,1
B10,mixamorig_LeftHand,9,0.9981170296669006,0.06042800098657608,-0.010564000345766544,0,-0.061230000108480453,0.9918860197067261,-0.11141400039196014,0,0.003745999885722995,0.11185099929571152,0.9937180280685425,0,0,0.23405499756336212,0,1
B11,mixamorig_LeftHandIndex1,10,-0.9757159948348999,-0.09440500289201736,-0.1976500004529953,0,-0.09941499680280685,0.994924008846283,0.015556000173091888,0,0.19517800211906433,0.03482799977064133,-0.98014897108078,0,0,0.06599000096321106,0,1
B12,mixamorig_LeftHandIndex2,11,0.9988710284233093,-0.03894500061869621,-0.027209000661969185,0,0.0464170016348362,0.6779630184173584,0.7336289882659912,0,-0.010125000029802322,-0.734063982963562,0.6790050268173218,0,0,0.04309700056910515,0,1
B13,mixamorig_LeftHandIndex3,12,0.7618110179901123,0.3760469853878021,-0.5274770259857178,0,-0.3516089916229248,0.923911988735199,0.15085799992084503,0,0.5440719723701477,0.07054000347852707,0.8360679745674133,0,-0.003766000038012862,0.03990999981760979,-0.05057400092482567,1
B14,mixamorig_LeftHandIndex4,13,1,0,0,0,0,1,0,0,0,0,1,0,0.01626800000667572,0.010591999627649784,-0.02060599997639656,1
B15,mixamorig_RightShoulder,3,0.4114780128002167,0.08386199921369553,0.9075530171394348,0,-0.8888440132141113,-0.1833299994468689,0.41993600130081177,0,0.20159800350666046,-0.9794679880142212,-0.0008960000122897327,0,-0.05356400087475777,0.11748500168323517,-0.0001880000054370612,1
B16,mixamorig_RightArm,15,0.8272070288658142,-0.060430001467466354,0.5586389899253845,0,-0.42847898602485657,0.57532799243927,0.6967089772224426,0,-0.36350300908088684,-0.8156870007514954,0.45002201199531555,0,0,0.10648400336503983,0,1
B17,mixamorig_RightForeArm,16,0.14901599287986755,-0.6761190295219421,-0.7215650081634521,0,0.5410270094871521,0.666549026966095,-0.5128369927406311,0,0.8276979923248291,-0.3139660060405731,0.46512600779533386,0,0,0.310806006193161,0,1
B18,mixamorig_RightHand,17,0.8247230052947998,-0.5639150142669678,-0.04280700162053108,0,0.5609660148620605,0.8061059713363647,0.1884389966726303,0,-0.07175599783658981,-0.1794230043888092,0.9811509847640991,0,0,0.2348410040140152,0,1
B19,mixamorig_RightHandIndex1,18,0.9908289909362793,-0.054478999227285385,0.12365400046110153,0,-0.03226400166749954,0.793267011642456,0.6080179810523987,0,-0.13121500611305237,-0.6064310073852539,0.7842350006103516,0,0,0.04594799876213074,0,1
B20,mixamorig_RightHandIndex2,19,0.9796559810638428,0.09036999940872192,0.17918400466442108,0,-0.20052699744701385,0.4760890007019043,0.8562290072441101,0,-0.007930000312626362,-0.8747419714927673,0.48452499508857727,0,0,0.052184998989105225,0,1
B21,mixamorig_RightHandIndex3,20,0.8630239963531494,0.22619199752807617,0.4516940116882324,0,-0.4587079882621765,0.7254400253295898,0.5131509900093079,0,-0.21160699427127838,-0.6500570178031921,0.7298280000686646,0,0.005311999935656786,0.059686001390218735,0.008244000375270844,1
B22,mixamorig_RightHandIndex4,21,1,0,0,0,0,1,0,0,0,0,1,0,0.013464000076055527,0.02288700081408024,0.014065999537706375,1
B23,mixamorig_LeftUpLeg,0,-0.660427987575531,0.02794099971652031,0.7503690123558044,0,0.5837500095367432,-0.6094520092010498,0.5364739894866943,0,0.47230398654937744,0.7923300266265869,0.3861890137195587,0,0.12488999962806702,-0.04928499832749367,0.0067079998552799225,1
B24,mixamorig_LeftLeg,23,0.9382259845733643,-0.19218699634075165,-0.2877439856529236,0,-0.12443699687719345,0.5885400176048279,-0.7988340258598328,0,0.3228749930858612,0.7852929830551147,0.5282679796218872,0,0,0.4805760085582733,0,1
B25,mixamorig_LeftFoot,24,0.976377010345459,-0.18550199270248413,0.11080600321292877,0,-0.057902999222278595,0.26943299174308777,0.9612770080566406,0,-0.208173006772995,-0.9449840188026428,0.25232601165771484,0,0,0.39259400963783264,0,1
B26,mixamorig_LeftToeBase,25,0.9987099766731262,0.010715999640524387,-0.049633000046014786,0,0.010022000409662724,0.9166499972343445,0.3995650112628937,0,0.04977700114250183,-0.3995470106601715,0.9153599739074707,0,0,0.2655330002307892,0,1
B27,mixamorig_LeftToe_End,26,1,0,0,0,0,1,0,0,0,0,1,0,0,0.1120460033416748,0,1
B28,mixamorig_RightUpLeg,0,-0.9102159738540649,0.34370601177215576,-0.2310270071029663,0,-0.4139910042285919,-0.7698439955711365,0.4857479929924011,0,-0.010900000110268593,0.5377789735794067,0.8430150151252747,0,-0.12488999962806702,-0.04928499832749367,0.004391999915242195,1
B29,mixamorig_RightLeg,28,0.9865490198135376,-0.0553940013051033,0.15379199385643005,0,0.16233499348163605,0.4423699975013733,-0.8820180296897888,0,-0.019175000488758087,0.8951200246810913,0.4454120099544525,0,0,0.4809130132198334,0,1
B30,mixamorig_RightFoot,29,0.8919709920883179,0.4390279948711395,0.10789400339126587,0,0.013189000077545643,-0.263823002576828,0.964480996131897,0,0.451898992061615,-0.8588669896125793,-0.24111199378967285,0,0,0.3934980034828186,0,1
B31,mixamorig_RightToeBase,30,0.9985179901123047,-0.05437599867582321,-0.0022499999031424522,0,0.051649998873472214,0.9338039755821228,0.35403698682785034,0,-0.017149999737739563,-0.353628009557724,0.9352290034294128,0,0,0.27194899320602417,0,1
B32,mixamorig_RightToe_End,31,1,0,0,0,0,1,0,0,0,0,1,0,0,0.11006300151348114,0,1
@28,0,1,2,3,4,5,7,8,9,10,11,12,13,15,16,17,18,19,20,21,23,24,25,26,28,29,30,31
K0,0.6366720795631409,0.04743589460849762,0.7696739435195923,0,-0.1314811110496521,0.9901690483093262,0.047735534608364105,0,-0.7598429918289185,-0.13158947229385376,0.6366499066352844,0,0.0028210000600665808,0.8395259976387024,-0.003367000026628375,1,0.9979749917984009,-0.03252492472529411,-0.05465617775917053,0,0.04065107926726341,0.9871020317077637,0.15484687685966492,0,0.048914823681116104,-0.15675510466098785,0.98642498254776,0,0,0.08873499929904938,-0.003043999895453453,1,0.9925029277801514,-0.06040100380778313,-0.10625604540109634,0,0.07098999619483948,0.9925649762153625,0.09887310117483139,0,0.09949395060539246,-0.10567490011453629,0.9894110560417175,0,0,0.10358499735593796,0,1,0.9925029277801514,-0.06035933271050453,-0.10628005862236023,0,0.049006666988134384,0.9931179881095886,-0.10636691004037857,0,0.11196893453598022,0.10036109387874603,0.988631010055542,0,0,0.1183829978108406,0,1,0.9866660237312317,0.00753183476626873,-0.16258499026298523,0,0.0045708343386650085,0.9972519874572754,0.07393686473369598,0,0.1626950353384018,-0.0736941248178482,0.9839199781417847,0,0,0.13318100571632385,0,1,0.9176600575447083,-0.08967696875333786,-0.3871159851551056,0,0.056499022990465164,0.9937499761581421,-0.09627499431371689,0,0.39333000779151917,0.0664760172367096,0.9169909954071045,0,0,0.11284200102090836,0.028209000825881958,1,0.2640834152698517,-0.03351054713129997,-0.9639179110527039,0,0.9366138577461243,-0.22966790199279785,0.2645873427391052,0,-0.23024749755859375,-0.97269207239151,-0.02926502376794815,0,0.05356400087475777,0.11750900000333786,-0.0008880000095814466,1,0.7642279863357544,0.4246411919593811,-0.4854227602481842,0,-0.08971980959177017,0.8153361082077026,0.5719939470291138,0,0.6386752724647522,-0.3935820460319519,0.6612017750740051,0,0,0.10648400336503983,0,1,0.2149801254272461,0.40543800592422485,0.888484001159668,0,-0.4012390375137329,0.866096019744873,-0.2981368899345398,0,-0.8903880715370178,-0.2924008369445801,0.34887081384658813,0,0,0.3087559938430786,0,1,0.9981170296669006,0.060428012162446976,-0.010564122349023819,0,-0.06122998520731926,0.9918859601020813,-0.11141398549079895,0,0.0037458783481270075,0.11185101419687271,0.9937180280685425,0,0,0.23405499756336212,0,1,-0.9757161140441895,-0.0944051668047905,-0.19764989614486694,0,-0.09941484034061432,0.9949240684509277,0.0155562125146389,0,0.1951781064271927,0.034827787429094315,-0.9801490306854248,0,0,0.06599000096321106,0,1,0.9988710880279541,-0.03894512355327606,-0.027208752930164337,0,0.046416882425546646,0.6779628396034241,0.7336291074752808,0,-0.010124752297997475,-0.7340638041496277,0.6790051460266113,0,0,0.04309700056910515,0,1,0.7618111371994019,0.376046746969223,-0.527476966381073,0,-0.3516092300415039,0.9239119291305542,0.15085825324058533,0,0.5440720319747925,0.07054026424884796,0.8360679149627686,0,-0.003766000038012862,0.03990999981760979,-0.05057400092482567,1,0.41147783398628235,0.08386174589395523,0.9075530767440796,0,-0.8888440728187561,-0.18332983553409576,0.4199356734752655,0,0.20159822702407837,-0.9794678092002869,-0.0008960988488979638,0,-0.05356400087475777,0.11748500168323517,-0.0001880000054370612,1,0.8272069692611694,-0.060430556535720825,0.5586389899253845,0,-0.42847949266433716,0.5753278732299805,0.6967086791992188,0,-0.3635029196739197,-0.8156872391700745,0.45002174377441406,0,0,0.10648400336503983,0,1,0.14901620149612427,-0.6761191487312317,-0.7215648889541626,0,0.5410271286964417,0.6665492057800293,-0.5128365755081177,0,0.8276981115341187,-0.3139655888080597,0.46512600779533386,0,0,0.310806006193161,0,1,0.8247231245040894,-0.563914954662323,-0.04280725121498108,0,0.5609661340713501,0.80610591173172,0.1884388029575348,0,-0.07175625115633011,-0.17942318320274353,0.9811509251594543,0,0,0.2348410040140152,0,1,0.9908290505409241,-0.05447866767644882,0.12365418672561646,0,-0.03226367011666298,0.7932672500610352,0.6080176830291748,0,-0.13121484220027924,-0.6064313054084778,0.7842348217964172,0,0,0.04594799876213074,0,1,0.979655921459198,0.09037040174007416,0.1791841834783554,0,-0.20052659511566162,0.47608888149261475,0.8562291264533997,0,-0.007929827086627483,-0.874741792678833,0.48452532291412354,0,0,0.052184998989105225,0,1,0.8630238175392151,0.22619187831878662,0.4516943693161011,0,-0.45870810747146606,0.7254400253295898,0.5131508708000183,0,-0.21160657703876495,-0.6500571370124817,0.7298279404640198,0,0.005311999935656786,0.059686001390218735,0.008244000375270844,1,-0.6604278683662415,0.027940930798649788,0.7503691911697388,0,0.5837499499320984,-0.6094523668289185,0.53647381067276,0,0.4723038375377655,0.7923302054405212,0.3861887753009796,0,0.12488999962806702,-0.04928499832749367,0.0067079998552799225,1,0.9382258653640747,-0.1921871453523636,-0.28774428367614746,0,-0.12443714588880539,0.5885399580001831,-0.7988340258598328,0,0.32287469506263733,0.78529292345047,0.5282682180404663,0,0,0.4805760085582733,0,1,0.976377010345459,-0.18550178408622742,0.11080588400363922,0,-0.05790279433131218,0.26943251490592957,0.9612772464752197,0,-0.20817311108112335,-0.9449838399887085,0.2523263394832611,0,0,0.39259400963783264,0,1,0.9987099766731262,0.01071577426046133,-0.04963262006640434,0,0.010021775029599667,0.9166499972343445,0.39956507086753845,0,0.049777381122112274,-0.3995469808578491,0.9153599143028259,0,0,0.2655330002307892,0,1,-0.9102159142494202,0.3437061905860901,-0.23102697730064392,0,-0.4139908254146576,-0.7698438167572021,0.4857482314109802,0,-0.010900038294494152,0.5377786755561829,0.8430152535438538,0,-0.12488999962806702,-0.04928499832749367,0.004391999915242195,1,0.9865490198135376,-0.055393561720848083,0.1537921130657196,0,0.16233542561531067,0.44236984848976135,-0.882017970085144,0,-0.019174883142113686,0.8951200842857361,0.4454119801521301,0,0,0.4809130132198334,0,1,0.891971230506897,0.4390275478363037,0.1078939139842987,0,0.013188526965677738,-0.2638227641582489,0.9644811153411865,0,0.4518989026546478,-0.8588669896125793,-0.2411126047372818,0,0,0.3934980034828186,0,1,0.9985179901123047,-0.05437616631388664,-0.0022500534541904926,0,0.05164983123540878,0.9338040947914124,0.35403671860694885,0,-0.01715005375444889,-0.3536283075809479,0.9352289438247681,0,0,0.27194899320602417,0,1
K0.034,0.636870265007019,0.04702731966972351,0.7695355415344238,0,-0.129180446267128,0.9905357360839844,0.0463772676885128,0,-0.760071337223053,-0.1289452165365219,0.6369177103042603,0,0.0026161300484091043,0.8392488360404968,-0.003543886123225093,1,0.9979526400566101,-0.03245881199836731,-0.05510042980313301,0,0.040700361132621765,0.9869588613510132,0.1557433009147644,0,0.049326639622449875,-0.1576671451330185,0.9862598180770874,0,0,0.08873499929904938,-0.003043999895453453,1,0.9924492239952087,-0.06038092449307442,-0.10676244646310806,0,0.0711720809340477,0.9924044013023376,0.10033845156431198,0,0.09989304840564728,-0.10717938840389252,0.989208996295929,0,0,0.10358499735593796,0,1,0.9924513697624207,-0.0603226013481617,-0.10677877068519592,0,0.04908832907676697,0.9932724833488464,-0.10488037765026093,0,0.11238706856966019,0.09884708374738693,0.9887357354164124,0,0,0.1183829978108406,0,1,0.986613392829895,0.005899196956306696,-0.1629694104194641,0,0.006425116211175919,0.9971631765365601,0.07499302178621292,0,0.16294945776462555,-0.07503620535135269,0.9837765097618103,0,0,0.13318100571632385,0,1,0.9182087182998657,-0.08538476377725601,-0.3867843747138977,0,0.0532066747546196,0.9942274689674377,-0.0931708887219429,0,0.3925069272518158,0.06497079879045486,0.9174511432647705,0,0,0.11284200102090836,0.028209000825881958,1,0.26200857758522034,-0.03320743888616562,-0.9644938707351685,0,0.9373887181282043,-0.22887076437473297,0.26252537965774536,0,-0.22946229577064514,-0.9728899002075195,-0.02883784845471382,0,0.05356400087475777,0.11750900000333786,-0.0008880000095814466,1,0.7640416026115417,0.42305898666381836,-0.48709502816200256,0,-0.08406340330839157,0.8138343095779419,0.5749842524528503,0,0.6396670341491699,-0.3983651101589203,0.6573671102523804,0,0,0.10648400336503983,0,1,0.21403972804546356,0.4085509479045868,0.8872838020324707,0,-0.40436989068984985,0.8639095425605774,-0.30024197697639465,0,-0.8891971707344055,-0.29452717304229736,0.3501167297363281,0,0,0.3087559938430786,0,1,0.9982761740684509,0.05809035152196884,-0.008339610882103443,0,-0.058664049953222275,0.9916591644287109,-0.11476452648639679,0,0.0016033408464863896,0.11505600064992905,0.9933580756187439,0,0,0.23405499756336212,0,1,-0.9760526418685913,-0.09125440567731857,-0.19746747612953186,0,-0.09662570804357529,0.9951635599136353,0.01771792210638523,0,0.19489546120166779,0.036374032497406006,-0.9801488518714905,0,0,0.06599000096321106,0,1,0.9988700151443481,-0.03898659348487854,-0.027192890644073486,0,0.04643750190734863,0.6782590746879578,0.7333542108535767,0,-0.010147154331207275,-0.7337881922721863,0.679302990436554,0,0,0.04309700056910515,0,1,0.76175457239151,0.37590646743774414,-0.5276587009429932,0,-0.3516657054424286,0.9239423274993896,0.15053850412368774,0,0.544114887714386,0.07088610529899597,0.8360111117362976,0,-0.003766000038012862,0.03990999981760979,-0.05057400092482567,1,0.41129112243652344,0.08371599018573761,0.9076513051986694,0,-0.8890364170074463,-0.18288369476795197,0.4197239875793457,0,0.20113219320774078,-0.9795633554458618,-0.0007918395567685366,0,-0.05356400087475777,0.11748500168323517,-0.0001880000054370612,1,0.8243573307991028,-0.05842098593711853,0.5630462765693665,0,-0.43371161818504333,0.5740084052085876,0.6945565938949585,0,-0.36377009749412537,-0.8167628049850464,0.4478503167629242,0,0,0.10648400336503983,0,1,0.14497512578964233,-0.6819469928741455,-0.7168898582458496,0,0.545336902141571,0.6596324443817139,-0.5171980857849121,0,0.8255846500396729,-0.31596532464027405,0.46752071380615234,0,0,0.310806006193161,0,1,0.8363952040672302,-0.5466024875640869,-0.040852855890989304,0,0.5439991354942322,0.8186582326889038,0.18401780724525452,0,-0.0671401172876358,-0.17613565921783447,0.9820737838745117,0,0,0.2348410040140152,0,1,0.9908289909362793,-0.05447801202535629,0.123653843998909,0,-0.032263994216918945,0.7932672500610352,0.6080177426338196,0,-0.1312141716480255,-0.6064313054084778,0.7842347621917725,0,0,0.04594799876213074,0,1,0.9796559810638428,0.09037062525749207,0.1791849583387375,0,-0.20052732527256012,0.47608888149261475,0.8562289476394653,0,-0.00793001800775528,-0.8747410178184509,0.4845249354839325,0,0,0.052184998989105225,0,1,0.8630239963531494,0.22619207203388214,0.45169389247894287,0,-0.4587079584598541,0.7254400253295898,0.5131509900093079,0,-0.21160610020160675,-0.6500569581985474,0.7298280596733093,0,0.005311999935656786,0.059686001390218735,0.008244000375270844,1,-0.6596338152885437,0.025873176753520966,0.7511411309242249,0,0.5848684310913086,-0.6100008487701416,0.5346287488937378,0,0.472029447555542,0.791978120803833,0.38724496960639954,0,0.12488999962806702,-0.04928499832749367,0.0067079998552799225,1,0.9379828572273254,-0.19303852319717407,-0.287966251373291,0,-0.12447120994329453,0.58773273229599,-0.7994232773780823,0,0.3235664665699005,0.7856883406639099,0.527255117893219,0,0,0.4805760085582733,0,1,0.97648686170578,-0.1852254718542099,0.1102936789393425,0,-0.05753022059798241,0.2691640257835388,0.9613747000694275,0,-0.20775827765464783,-0.9451155066490173,0.25217920541763306,0,0,0.39259400963783264,0,1,0.9987099766731262,0.010716823861002922,-0.04963289946317673,0,0.010020862333476543,0.9166510105133057,0.3995640277862549,0,0.04977809637784958,-0.3995458781719208,0.9153609871864319,0,0,0.2655330002307892,0,1,-0.9102293848991394,0.3440124988555908,-0.2305172234773636,0,-0.41394826769828796,-0.7711740732192993,0.48367035388946533,0,-0.011380240321159363,0.5356732606887817,0.8443487882614136,0,-0.12488999962806702,-0.04928499832749367,0.004391999915242195,1,0.9865840673446655,-0.05486738681793213,0.15375781059265137,0,0.16209107637405396,0.4414343535900116,-0.8825315237045288,0,-0.019451774656772614,0.8956143856048584,0.4444056749343872,0,0,0.4809130132198334,0,1,0.8921374082565308,0.43860599398612976,0.10823632776737213,0,0.013201696798205376,-0.2647952139377594,0.9642146825790405,0,0.451570600271225,-0.8587827086448669,-0.24202395975589752,0,0,0.3934980034828186,0,1,0.9985193610191345,-0.05435970425605774,-0.0022498243488371372,0,0.05162903293967247,0.9336956143379211,0.35432499647140503,0,-0.017160343006253242,-0.35391634702682495,0.9351192116737366,0,0,0.27194899320602417,0,1
K0.068,0.6356351375579834,0.0466044545173645,0.7705821990966797,0,-0.1270039826631546,0.9908886551856995,0.044834114611148834,0,-0.7614709734916687,-0.12636502087116241,0.6357619762420654,0,0.00240779435262084,0.8396039605140686,-0.0034725696314126253,1,0.9979321956634521,-0.03268874064087868,-0.05533899739384651,0,0.040979884564876556,0.9869015216827393,0.15603061020374298,0,0.04951372370123863,-0.15797582268714905,0.9862009286880493,0,0,0.08873499929904938,-0.003043999895453453,1,0.9924590587615967,-0.06094024330377579,-0.10635275393724442,0,0.07167647033929825,0.9923788905143738,0.10023392736911774,0,0.0994340032339096,-0.10710111260414124,0.9892639517784119,0,0,0.10358499735593796,0,1,0.992464005947113,-0.06086253374814987,-0.10635223239660263,0,0.049660880118608475,0.9932345747947693,-0.10497318208217621,0,0.11202164739370346,0.09890056401491165,0.9887719750404358,0,0,0.1183829978108406,0,1,0.9861295819282532,0.002790498547255993,-0.16595299541950226,0,0.010379405692219734,0.9968647360801697,0.07843901216983795,0,0.16565167903900146,-0.07907357811927795,0.9830095767974854,0,0,0.13318100571632385,0,1,0.9183359146118164,-0.07982126623392105,-0.38766905665397644,0,0.04846925288438797,0.9947608709335327,-0.09000463783740997,0,0.39282241463661194,0.06386448442935944,0.9173938035964966,0,0,0.11284200102090836,0.028209000825881958,1,0.26052507758140564,-0.03372054547071457,-0.9648777842521667,0,0.9372154474258423,-0.23116227984428406,0.26113468408584595,0,-0.23184892535209656,-0.9723305106163025,-0.028620194643735886,0,0.05356400087475777,0.11750900000333786,-0.0008880000095814466,1,0.7655360102653503,0.41277366876602173,-0.49353092908859253,0,-0.06729075312614441,0.814234733581543,0.576622724533081,0,0.6398649215698242,-0.4082154929637909,0.6511020660400391,0,0,0.10648400336503983,0,1,0.2115153968334198,0.4156978130340576,0.8845661282539368,0,-0.41092127561569214,0.858989417552948,-0.3054196238517761,0,-0.8867945075035095,-0.2988858222961426,0.3525082767009735,0,0,0.3087559938430786,0,1,0.9986387491226196,0.05161922425031662,-0.007478254847228527,0,-0.05214255675673485,0.9915292263031006,-0.11895883828401566,0,0.0012743453262373805,0.11918682605028152,0.9928709864616394,0,0,0.23405499756336212,0,1,-0.9763547778129578,-0.08817227929830551,-0.19737517833709717,0,-0.09380955249071121,0.9954014420509338,0.019377244636416435,0,0.19475899636745453,0.037434741854667664,-0.9801362752914429,0,0,0.06599000096321106,0,1,0.9988721609115601,-0.03892480209469795,-0.02718414179980755,0,0.04639151319861412,0.6784341335296631,0.7331951260566711,0,-0.010096823796629906,-0.7336292862892151,0.6794747710227966,0,0,0.04309700056910515,0,1,0.7617150545120239,0.3758189082145691,-0.5277783274650574,0,-0.35170504450798035,0.9239605069160461,0.15033356845378876,0,0.5441444516181946,0.07111096382141113,0.8359718322753906,0,-0.003766000038012862,0.03990999981760979,-0.05057400092482567,1,0.40995892882347107,0.08273129165172577,0.908344566822052,0,-0.8902071714401245,-0.18061356246471405,0.41822317242622375,0,0.1986592710018158,-0.9800679683685303,-0.00039614245179109275,0,-0.05356400087475777,0.11748500168323517,-0.0001880000054370612,1,0.8200501799583435,-0.06093314290046692,0.5690385103225708,0,-0.43861454725265503,0.5717735886573792,0.6933201551437378,0,-0.3676072359085083,-0.8181455135345459,0.44215667247772217,0,0,0.10648400336503983,0,1,0.14065174758434296,-0.6881316304206848,-0.7118229866027832,0,0.5497322082519531,0.6522356271743774,-0.5219038724899292,0,0.8234149813652039,-0.31790536642074585,0.47002628445625305,0,0,0.310806006193161,0,1,0.8483039140701294,-0.5280407071113586,-0.03942551091313362,0,0.525718092918396,0.8309956789016724,0.18184085190296173,0,-0.06325697153806686,-0.17498305439949036,0.9825376272201538,0,0,0.2348410040140152,0,1,0.9908290505409241,-0.054478682577610016,0.12365422397851944,0,-0.03226372227072716,0.7932670712471008,0.6080179214477539,0,-0.13121476769447327,-0.6064311265945435,0.7842339873313904,0,0,0.04594799876213074,0,1,0.979655921459198,0.09037040919065475,0.1791841983795166,0,-0.20052659511566162,0.4760890007019043,0.8562290668487549,0,-0.007929849438369274,-0.8747410178184509,0.48452499508857727,0,0,0.052184998989105225,0,1,0.8630238771438599,0.22619205713272095,0.45169419050216675,0,-0.4587079584598541,0.7254408597946167,0.513150155544281,0,-0.21160675585269928,-0.6500559449195862,0.7298281788825989,0,0.005311999935656786,0.059686001390218735,0.008244000375270844,1,-0.6584493517875671,0.023016052320599556,0.7522729635238647,0,0.5856431722640991,-0.6121362447738647,0.5313301086425781,0,0.47272273898124695,0.7904176115989685,0.38958147168159485,0,0.12488999962806702,-0.04928499832749367,0.0067079998552799225,1,0.9379929304122925,-0.192728653550148,-0.2881413996219635,0,-0.12442471086978912,0.588638186454773,-0.7987639307975769,0,0.32355546951293945,0.7850862145423889,0.5281578302383423,0,0,0.4805760085582733,0,1,0.976364254951477,-0.18587449193000793,0.1102917417883873,0,-0.05737530440092087,0.26908448338508606,0.9614059925079346,0,-0.20837855339050293,-0.9450099468231201,0.2520597577095032,0,0,0.39259400963783264,0,1,0.9987099766731262,0.010715881362557411,-0.049633096903562546,0,0.010021807625889778,0.916650116443634,0.39956384897232056,0,0.04977789893746376,-0.3995461165904999,0.9153608679771423,0,0,0.2655330002307892,0,1,-0.910478949546814,0.34394168853759766,-0.2296345978975296,0,-0.4133892357349396,-0.7726451754570007,0.4817972481250763,0,-0.01171591505408287,0.5335947275161743,0.845659077167511,0,-0.12488999962806702,-0.04928499832749367,0.004391999915242195,1,0.9865846037864685,-0.053452059626579285,0.15425196290016174,0,0.16188277304172516,0.44238919019699097,-0.8820921182632446,0,-0.021089758723974228,0.8952293395996094,0.4451073706150055,0,0,0.4809130132198334,0,1,0.8930734992027283,0.43652263283729553,0.10893701761960983,0,0.012097138911485672,-0.26534125208854675,0.9640784859657288,0,0.4497477412223816,-0.8596754670143127,-0.24225002527236938,0,0,0.3934980034828186,0,1,0.9983735084533691,-0.05660121887922287,-0.006802281364798546,0,0.05533604696393013,0.9334709644317627,0.3543587923049927,0,-0.013707409612834454,-0.35415884852409363,0.9350848197937012,0,0,0.27194899320602417,0,1
K0.102,0.6328229308128357,0.046464841812849045,0.7729015946388245,0,-0.12610094249248505,0.9910562634468079,0.04366700351238251,0,-0.7639593482017517,-0.12509700655937195,0.6330218315124512,0,0.0022173207253217697,0.8410373330116272,-0.0030965472105890512,1,0.9979113340377808,-0.033147603273391724,-0.055438123643398285,0,0.04141073301434517,0.9870055317878723,0.15526083111763,0,0.04957122355699539,-0.15723232924938202,0.986316978931427,0,0,0.08873499929904938,-0.003043999895453453,1,0.9924017786979675,-0.062056053429841995,-0.10624073445796967,0,0.07260249555110931,0.9924888610839844,0.09846417605876923,0,0.09933245927095413,-0.10542938113212585,0.9894532561302185,0,0,0.10358499735593796,0,1,0.992407500743866,-0.06198248267173767,-0.10622929781675339,0,0.050594255328178406,0.9929988980293274,-0.10673531889915466,0,0.11210139095783234,0.10055042803287506,0.9885963797569275,0,0,0.1183829978108406,0,1,0.9854204654693604,-0.0002409208391327411,-0.1701357662677765,0,0.015820633620023727,0.9957963228225708,0.09022246301174164,0,0.16939885914325714,-0.09159873425960541,0.9812820553779602,0,0,0.13318100571632385,0,1,0.9183804988861084,-0.07590197771787643,-0.388351708650589,0,0.04320928081870079,0.9947982430458069,-0.09224778413772583,0,0.3933333158493042,0.06793814897537231,0.9168828129768372,0,0,0.11284200102090836,0.028209000825881958,1,0.2572651207447052,-0.03434973210096359,-0.965730607509613,0,0.9371788501739502,-0.23479215800762177,0.2580103874206543,0,-0.23560819029808044,-0.9714381098747253,-0.028212008997797966,0,0.05356400087475777,0.11750900000333786,-0.0008880000095814466,1,0.7658453583717346,0.40317079424858093,-0.500932514667511,0,-0.05104130879044533,0.8146831393241882,0.577656090259552,0,0.6409955620765686,-0.41682711243629456,0.6444998383522034,0,0,0.10648400336503983,0,1,0.21077007055282593,0.41782116889953613,0.8837435245513916,0,-0.41418275237083435,0.8570629358291626,-0.30642569065093994,0,-0.8854536414146423,-0.30144551396369934,0.3536970019340515,0,0,0.3087559938430786,0,1,0.9988781213760376,0.046515755355358124,-0.008927375078201294,0,-0.04725842550396919,0.9913923740386963,-0.12210167944431305,0,0.003170875832438469,0.12238644063472748,0.9924772381782532,0,0,0.23405499756336212,0,1,-0.97669917345047,-0.08467679470777512,-0.1972033679485321,0,-0.09080677479505539,0.9956201314926147,0.022235818207263947,0,0.1944568157196045,0.03962511196732521,-0.980110764503479,0,0,0.06599000096321106,0,1,0.9988787174224854,-0.03878023102879524,-0.02716325968503952,0,0.046283476054668427,0.6788437962532043,0.7328228950500488,0,-0.009979432448744774,-0.7332583069801331,0.6798774600028992,0,0,0.04309700056910515,0,1,0.761626124382019,0.375611275434494,-0.52805495262146,0,-0.3517936170101166,0.9240046739578247,0.14985442161560059,0,0.5442120432853699,0.07163327932357788,0.8358833193778992,0,-0.003766000038012862,0.03990999981760979,-0.05057400092482567,1,0.4105526804924011,0.0817088857293129,0.9081680774688721,0,-0.8905595541000366,-0.17797011137008667,0.41860470175743103,0,0.19583061337471008,-0.9806378483772278,-0.0002995244285557419,0,-0.05356400087475777,0.11748500168323517,-0.0001880000054370612,1,0.8147604465484619,-0.06307877600193024,0.5763572454452515,0,-0.4456297755241394,0.5678098201751709,0.6921025514602661,0,-0.370917946100235,-0.8207389712333679,0.43451881408691406,0,0,0.10648400336503983,0,1,0.13726036250591278,-0.692837119102478,-0.7079096436500549,0,0.5529543161392212,0.6465463042259216,-0.5255650281906128,0,0.8218277096748352,-0.31930264830589294,0.47185268998146057,0,0,0.310806006193161,0,1,0.8589497208595276,-0.5106302499771118,-0.03824367746710777,0,0.5084937810897827,0.8417854309082031,0.18119394779205322,0,-0.06033014878630638,-0.1750832051038742,0.9827038645744324,0,0,0.2348410040140152,0,1,0.9908289909362793,-0.05447811260819435,0.1236538514494896,0,-0.03226400166749954,0.7932668328285217,0.6080182194709778,0,-0.1312141865491867,-0.6064316630363464,0.7842342257499695,0,0,0.04594799876213074,0,1,0.9796559810638428,0.09037064760923386,0.1791849434375763,0,-0.20052732527256012,0.47608888149261475,0.8562289476394653,0,-0.00792999193072319,-0.8747410178184509,0.4845249652862549,0,0,0.052184998989105225,0,1,0.8630239963531494,0.22619207203388214,0.45169389247894287,0,-0.4587079584598541,0.7254400253295898,0.5131509900093079,0,-0.21160610020160675,-0.6500569581985474,0.7298280596733093,0,0.005311999935656786,0.059686001390218735,0.008244000375270844,1,-0.6572023034095764,0.020338205620646477,0.7534404993057251,0,0.5851268768310547,-0.6163373589515686,0.5270248651504517,0,0.4750918447971344,0.7872196435928345,0.3931574523448944,0,0.12488999962806702,-0.04928499832749367,0.0067079998552799225,1,0.9383809566497803,-0.1904526948928833,-0.2883892357349396,0,-0.12418701499700546,0.5929017663002014,-0.7956416010856628,0,0.3225184977054596,0.7824289798736572,0.532715916633606,0,0,0.4805760085582733,0,1,0.9759213924407959,-0.1877194046974182,0.11108482629060745,0,-0.05746864154934883,0.26999738812446594,0.9611449837684631,0,-0.21041801571846008,-0.9443850517272949,0.2527080476284027,0,0,0.39259400963783264,0,1,0.9987099766731262,0.010716802440583706,-0.04963284358382225,0,0.01002085953950882,0.9166510105133057,0.3995640277862549,0,0.0497780367732048,-0.3995458781719208,0.9153609871864319,0,0,0.2655330002307892,0,1,-0.9111401438713074,0.34413957595825195,-0.22669629752635956,0,-0.411962628364563,-0.7746487259864807,0.479797899723053,0,-0.010492570698261261,0.5305535793304443,0.8475862741470337,0,-0.12488999962806702,-0.04928499832749367,0.004391999915242195,1,0.9865471124649048,-0.05498434975743294,0.15395545959472656,0,0.16217224299907684,0.44801342487335205,-0.8791947960853577,0,-0.02063216082751751,0.8923345804214478,0.45090338587760925,0,0,0.4809130132198334,0,1,0.892861545085907,0.4372326731681824,0.10782217979431152,0,0.01160133071243763,-0.2616818845272064,0.9650840759277344,0,0.4501815736293793,-0.8604359030723572,-0.23871825635433197,0,0,0.3934980034828186,0,1,0.9984833002090454,-0.05495341867208481,-0.0033932619262486696,0,0.05259811878204346,0.9338420629501343,0.3537975251674652,0,-0.01627361588180065,-0.35343945026397705,0.935316264629364,0,0,0.27194899320602417,0,1
K0.136,0.6289585828781128,0.046207863837480545,0.7760647535324097,0,-0.1262902468442917,0.9910455346107483,0.043343331664800644,0,-0.7671131491661072,-0.12527063488960266,0.6291624903678894,0,0.0021069056820124388,0.843506932258606,-0.0024718232452869415,1,0.9979007244110107,-0.03372236341238022,-0.055284127593040466,0,0.04186296835541725,0.9872737526893616,0.1534234881401062,0,0.04940677061676979,-0.15541578829288483,0.9866130948066711,0,0,0.08873499929904938,-0.003043999895453453,1,0.9922906160354614,-0.06321205943822861,-0.1065978854894638,0,0.07350098341703415,0.9927089810371399,0.09552876651287079,0,0.09978221356868744,-0.1026274636387825,0.9897029995918274,0,0,0.10358499735593796,0,1,0.9922913908958435,-0.06315317749977112,-0.1066272109746933,0,0.051387105137109756,0.9926350116729736,-0.10970063507556915,0,0.11276992410421371,0.10337579995393753,0.9882290363311768,0,0,0.1183829978108406,0,1,0.9845539331436157,-0.0029331024270504713,-0.17505641281604767,0,0.022276833653450012,0.9938315153121948,0.10863775759935379,0,0.17365801334381104,-0.11085948348045349,0.9785465598106384,0,0,0.13318100571632385,0,1,0.9183924794197083,-0.07379679381847382,-0.3887273669242859,0,0.037971578538417816,0.9943569302558899,-0.09906050562858582,0,0.3938441574573517,0.07621584087610245,0.9160122275352478,0,0,0.11284200102090836,0.028209000825881958,1,0.25261053442955017,-0.03495698794722557,-0.9669362902641296,0,0.937408447265625,-0.2387242615222931,0.25352686643600464,0,-0.23969373106956482,-0.970457911491394,-0.027535276487469673,0,0.05356400087475777,0.11750900000333786,-0.0008880000095814466,1,0.7653351426124573,0.3965141475200653,-0.5069886445999146,0,-0.03843127563595772,0.8144478797912598,0.5789623260498047,0,0.6424828171730042,-0.4236161410808563,0.63856440782547,0,0,0.10648400336503983,0,1,0.21252602338790894,0.41301101446151733,0.8855811357498169,0,-0.41200369596481323,0.859662652015686,-0.3020486831665039,0,-0.8860504627227783,-0.30066949129104614,0.35286277532577515,0,0,0.3087559938430786,0,1,0.9989215135574341,0.0444350466132164,-0.013462020084261894,0,-0.04575122520327568,0.9914247393608093,-0.12240926921367645,0,0.007907317951321602,0.12289313226938248,0.9923883080482483,0,0,0.23405499756336212,0,1,-0.9771174788475037,-0.08031823486089706,-0.19695532321929932,0,-0.08747201412916183,0.9957765936851501,0.02788148820400238,0,0.1938839703798294,0.044471535831689835,-0.9800156354904175,0,0,0.06599000096321106,0,1,0.9988926649093628,-0.038444049656391144,-0.027113940566778183,0,0.04603126272559166,0.6797940731048584,0.7319575548171997,0,-0.009707513265311718,-0.7323949933052063,0.680810809135437,0,0,0.04309700056910515,0,1,0.7614240646362305,0.37512362003326416,-0.5286921858787537,0,-0.3519963026046753,0.9241085052490234,0.14873763918876648,0,0.5443637371063232,0.07284527271986008,0.8356802463531494,0,-0.003766000038012862,0.03990999981760979,-0.05057400092482567,1,0.4101286828517914,0.08058029413223267,0.9084605574607849,0,-0.8914355039596558,-0.17505352199077606,0.4179699718952179,0,0.19270941615104675,-0.9812561869621277,0.00003761110929190181,0,-0.05356400087475777,0.11748500168323517,-0.0001880000054370612,1,0.8091647624969482,-0.0674808919429779,0.5836943984031677,0,-0.4514796733856201,0.5643693804740906,0.6911246180534363,0,-0.37605687975883484,-0.8227596282958984,0.4262014627456665,0,0,0.10648400336503983,0,1,0.13608963787555695,-0.6943578720092773,-0.7066448926925659,0,0.5538228750228882,0.6447393298149109,-0.5268703699111938,0,0.8214380145072937,-0.31965434551239014,0.4722933769226074,0,0,0.310806006193161,0,1,0.8677740097045898,-0.495601624250412,-0.036700062453746796,0,0.49344372749328613,0.8505159020423889,0.1820325255393982,0,-0.05900163576006889,-0.17607255280017853,0.982607364654541,0,0,0.2348410040140152,0,1,0.9908290505409241,-0.05447908118367195,0.12365400791168213,0,-0.03226323425769806,0.7932671904563904,0.6080176830291748,0,-0.1312149465084076,-0.6064311861991882,0.7842347621917725,0,0,0.04594799876213074,0,1,0.979655921459198,0.09037085622549057,0.17918448150157928,0,-0.20052705705165863,0.47608891129493713,0.8562290668487549,0,-0.007929598912596703,-0.8747410178184509,0.48452499508857727,0,0,0.052184998989105225,0,1,0.8630239963531494,0.22619205713272095,0.45169392228126526,0,-0.4587079584598541,0.7254400253295898,0.5131509900093079,0,-0.21160613000392914,-0.6500569581985474,0.7298280000686646,0,0.005311999935656786,0.059686001390218735,0.008244000375270844,1,-0.6559980511665344,0.01806044764816761,0.7545458078384399,0,0.5834866762161255,-0.6219990849494934,0.5221680998802185,0,0.4787578880786896,0.7828094959259033,0.3974926471710205,0,0.12488999962806702,-0.04928499832749367,0.0067079998552799225,1,0.9390249848365784,-0.18645168840885162,-0.28890764713287354,0,-0.12383844703435898,0.6004482507705688,-0.7900170087814331,0,0.3207739293575287,0.7776232361793518,0.540745735168457,0,0,0.4805760085582733,0,1,0.9752286672592163,-0.1904478669166565,0.1125100702047348,0,-0.05766402184963226,0.27216246724128723,0.9605218768119812,0,-0.2135503888130188,-0.9432164430618286,0.25443869829177856,0,0,0.39259400963783264,0,1,0.9987099766731262,0.01071611326187849,-0.049632083624601364,0,0.010021189227700233,0.9166508913040161,0.39956405758857727,0,0.0497770681977272,-0.39954596757888794,0.9153609871864319,0,0,0.2655330002307892,0,1,-0.91203373670578,0.3437933027744293,-0.22360974550247192,0,-0.41001102328300476,-0.7766692042350769,0.4782000780105591,0,-0.009268811903893948,0.5278169512748718,0.8493072986602783,0,-0.12488999962806702,-0.04928499832749367,0.004391999915242195,1,0.986517071723938,-0.05644527077674866,0.15361414849758148,0,0.16231563687324524,0.45736196637153625,-0.8743414878845215,0,-0.020904842764139175,0.8874872326850891,0.46035757660865784,0,0,0.4809130132198334,0,1,0.8930851221084595,0.4370909333229065,0.10653667896986008,0,0.010150162503123283,-0.2563234865665436,0.9665376543998718,0,0.44977298378944397,-0.8621196150779724,-0.23335540294647217,0,0,0.3934980034828186,0,1,0.9985042214393616,-0.054606661200523376,-0.0026121395640075207,0,0.05200992524623871,0.934130072593689,0.35312220454216003,0,-0.016842762008309364,-0.3527302145957947,0.9355738759040833,0,0,0.27194899320602417,0,1
