0.767,30,23,33
B0,mixamorig_Hips,-1,0.8880940079689026,0.1234859973192215,0.442764014005661,0,-0.17693500220775604,0.9808560013771057,0.08133599907159805,0,-0.4242439866065979,-0.1505739986896515,0.8929409980773926,0,0.006657000165432692,0.8873130083084106,0.015002000145614147,1
B1,mixamorig_Spine,0,0.9990190267562866,-0.03663099929690361,0.024898000061511993,0,0.031099999323487282,0.9804019927978516,0.19453899562358856,0,-0.031536001712083817,-0.193573996424675,0.9805790185928345,0,0,0.08873499929904938,-0.003043999895453453,1
B2,mixamorig_Spine1,1,0.9970030188560486,-0.05962299928069115,0.04929500073194504,0,0.049782998859882355,0.9822019934654236,0.1811079978942871,0,-0.05921600013971329,-0.1781110018491745,0.9822270274162292,0,0,0.10358499735593796,0,1
B3,mixamorig_Spine2,2,0.9970030188560486,-0.0596419982612133,0.04927099868655205,0,0.060899000614881516,0.9978449940681458,-0.0244120005518198,0,-0.04770899936556816,0.02733900025486946,0.9984869956970215,0,0,0.1183829978108406,0,1
B4,mixamorig_Neck,3,0.9735220074653625,0.058681000024080276,-0.2209320068359375,0,-0.06100500002503395,0.9981309771537781,-0.003705000039190054,0,0.22030200064182281,0.017085000872612,0.9752820134162903,0,0,0.13318100571632385,0,1
B5,mixamorig_Head,4,0.9419940114021301,-0.23001399636268616,-0.24442000687122345,0,0.17521099746227264,0.9581440091133118,-0.2264080047607422,0,0.2862670123577118,0.17045000195503235,0.9428669810295105,0,0,0.11284200102090836,0.028209000825881958,1
B6,mixamorig_HeadTop_End,5,1,0,0,0,0,1,0,0,0,0,1,0,0,0.3948740065097809,0.0987119972705841,1
B7,mixamorig_LeftShoulder,3,0.25214898586273193,0.013913000002503395,-0.9675880074501038,0,0.9197580218315125,-0.3142339885234833,0.23516599833965302,0,-0.30077698826789856,-0.9492440223693848,-0.09203000366687775,0,0.05356400087475777,0.11750900000333786,-0.0008880000095814466,1
B8,mixamorig_LeftArm,7,0.6140580177307129,0.5093330144882202,-0.6029199957847595,0,-0.5064070224761963,0.8401859998703003,0.19400900602340698,0,0.6053799986839294,0.18618999421596527,0.7738530039787292,0,0,0.10648400336503983,0,1
B9,mixamorig_LeftForeArm,8,0.45217299461364746,0.8405050039291382,0.2984809875488281,0,-0.7400689721107483,0.5403370261192322,-0.4004170000553131,0,-0.4978330135345459,-0.0398389995098114,0.8663579821586609,0,0,0.3087559938430786,0,1
B10,mixamorig_LeftHand,9,0.9911990165710449,0.11160299926996231,-0.07119499891996384,0,-0.11152800172567368,0.9937490224838257,0.005040000192821026,0,0.07131300121545792,0.002945000072941184,0.9974499940872192,0,0,0.23405499756336212,0,1
B11,mixamorig_LeftHandIndex1,10,-0.9969419836997986,0.020294999703764915,-0.07546299695968628,0,-0.011501000262796879,0.9170650243759155,0.39857301115989685,0,0.0772939994931221,0.3982219994068146,-0.9140269756317139,0,0,0.06599000096321106,0,1
B12,mixamorig_LeftHandIndex2,11,0.9763180017471313,0.16525700688362122,-0.13962000608444214,0,-0.17905400693416595,0.9794560074806213,-0.0927639976143837,0,0.12142200022935867,0.11556699872016907,0.9858499765396118,0,0,0.04309700056910515,0,1
B13,mixamorig_LeftHandIndex3,12,0.6934199929237366,0.16981999576091766,-0.7002350091934204,0,-0.4092310070991516,0.8926939964294434,-0.18875299394130707,0,0.5930420160293579,0.41744300723075867,0.6885079741477966,0,-0.003766000038012862,0.03990999981760979,-0.05057400092482567,1
B14,mixamorig_LeftHandIndex4,13,1,0,0,0,0,1,0,0,0,0,1,0,0.01626800000667572,0.010591999627649784,-0.02060599997639656,1
B15,mixamorig_RightShoulder,3,0.09462899714708328,-0.01209999993443489,0.9954389929771423,0,-0.9686679840087891,-0.23176200687885284,0.08926700055599213,0,0.22962500154972076,-0.9726970195770264,-0.03365200012922287,0,-0.05356400087475777,0.11748500168323517,-0.0001880000054370612,1
B16,mixamorig_RightArm,15,0.6785910129547119,-0.4861469864845276,0.5506139993667603,0,0.13337300717830658,0.8187190294265747,0.558489978313446,0,-0.7223060131072998,-0.3055489957332611,0.6204140186309814,0,0,0.10648400336503983,0,1
B17,mixamorig_RightForeArm,16,0.24003100395202637,-0.9652040004730225,-0.10376500338315964,0,0.6662319898605347,0.24153099954128265,-0.7055479884147644,0,0.706059992313385,0.10022199898958206,0.7010239958763123,0,0,0.310806006193161,0,1
B18,mixamorig_RightHand,17,0.7504270076751709,0.04503500089049339,-0.659417986869812,0,-0.11233200132846832,0.9918519854545593,-0.06009700149297714,0,0.6513379812240601,0.11917199939489365,0.7493709921836853,0,0,0.2348410040140152,0,1
B19,mixamorig_RightHandIndex1,18,0.9908289909362793,-0.0544780008494854,0.12365400046110153,0,-0.03226400166749954,0.7932680249214172,0.6080170273780823,0,-0.1312139928340912,-0.6064310073852539,0.7842350006103516,0,0,0.04594799876213074,0,1
B20,mixamorig_RightHandIndex2,19,0.9796559810638428,0.09036999940872192,0.17918500304222107,0,-0.20052699744701385,0.4760890007019043,0.8562290072441101,0,-0.007930999621748924,-0.8747410178184509,0.48452499508857727,0,0,0.052184998989105225,0,1
B21,mixamorig_RightHandIndex3,20,0.8630239963531494,0.22619099915027618,0.4516940116882324,0,-0.4587070047855377,0.7254400253295898,0.5131509900093079,0,-0.21160699427127838,-0.6500570178031921,0.7298280000686646,0,0.005311999935656786,0.059686001390218735,0.008244000375270844,1
B22,mixamorig_RightHandIndex4,21,1,0,0,0,0,1,0,0,0,0,1,0,0.013464000076055527,0.02288700081408024,0.014065999537706375,1
B23,mixamorig_LeftUpLeg,0,-0.9778910279273987,0.07469599694013596,0.1953209936618805,0,0.120169997215271,-0.5636810064315796,0.8172039985656738,0,0.17114099860191345,0.8226079940795898,0.5422419905662537,0,0.12488999962806702,-0.04928499832749367,0.0067079998552799225,1
B24,mixamorig_LeftLeg,23,0.9994029998779297,-0.03215299919247627,-0.012644000351428986,0,-0.008170000277459621,0.13564899563789368,-0.9907230138778687,0,0.033569999039173126,0.9902349710464478,0.1353060007095337,0,0,0.4805760085582733,0,1
B25,mixamorig_LeftFoot,24,0.9763680100440979,-0.20672200620174408,0.06301899999380112,0,-0.048183999955654144,0.07603699713945389,0.9959400296211243,0,-0.21067500114440918,-0.9754409790039062,0.06428000330924988,0,0,0.39259400963783264,0,1
B26,mixamorig_LeftToeBase,25,0.9908890128135681,0.12875600159168243,0.039500001817941666,0,-0.1346150040626526,0.9377989768981934,0.320017009973526,0,0.004160999786108732,-0.3224189877510071,0.9465879797935486,0,0,0.2655330002307892,0,1
B27,mixamorig_LeftToe_End,26,1,0,0,0,0,1,0,0,0,0,1,0,0,0.1120460033416748,0,1
B28,mixamorig_RightUpLeg,0,-0.9772379994392395,-0.031220000237226486,-0.2098349928855896,0,-0.14358699321746826,-0.6307830214500427,0.7625579833984375,0,-0.15616799890995026,0.7753310203552246,0.6119430065155029,0,-0.12488999962806702,-0.04928499832749367,0.004391999915242195,1
B29,mixamorig_RightLeg,28,0.9911739826202393,-0.11850400269031525,-0.05942099913954735,0,-0.008829000405967236,0.3882310092449188,-0.9215199947357178,0,0.13227300345897675,0.913910984992981,0.383758008480072,0,0,0.4809130132198334,0,1
B30,mixamorig_RightFoot,29,0.9762700200080872,-0.07518000155687332,-0.20308800041675568,0,0.19547699391841888,-0.09765800088644028,0.9758340120315552,0,-0.09319599717855453,-0.9923760294914246,-0.08064399659633636,0,0,0.3934980034828186,0,1
B31,mixamorig_RightToeBase,30,0.9927219748497009,-0.0911799967288971,-0.07866799831390381,0,0.11061999946832657,0.9486340284347534,0.2964079976081848,0,0.047600001096725464,-0.30295300483703613,0.9518160223960876,0,0,0.27194899320602417,0,1
B32,mixamorig_RightToe_End,31,1,0,0,0,0,1,0,0,0,0,1,0,0,0.11006300151348114,0,1
@28,0,1,2,3,4,5,7,8,9,10,11,12,13,15,16,17,18,19,20,21,23,24,25,26,28,29,30,31
K0,0.8880939483642578,0.12348618358373642,0.4427641034126282,0,-0.17693482339382172,0.9808560609817505,0.08133580535650253,0,-0.42424386739730835,-0.150574192404747,0.8929410576820374,0,0.006657000165432692,0.8873130083084106,0.015002000145614147,1,0.9990190267562866,-0.03663100302219391,0.024897901341319084,0,0.031099999323487282,0.9804019927978516,0.1945391148328781,0,-0.031536102294921875,-0.19357387721538544,0.9805790781974792,0,0,0.08873499929904938,-0.003043999895453453,1,0.9970030188560486,-0.05962284281849861,0.049295078963041306,0,0.04978314787149429,0.9822019934654236,0.18110787868499756,0,-0.05921592190861702,-0.17811112105846405,0.9822270274162292,0,0,0.10358499735593796,0,1,0.9970029592514038,-0.05964210629463196,0.04927106201648712,0,0.06089888885617256,0.9978449940681458,-0.024411801248788834,0,-0.04770893231034279,0.027339203283190727,0.9984869956970215,0,0,0.1183829978108406,0,1,0.9735219478607178,0.05868091061711311,-0.22093220055103302,0,-0.06100509315729141,0.9981309175491333,-0.003705059178173542,0,0.2203018069267273,0.017084941267967224,0.9752820730209351,0,0,0.13318100571632385,0,1,0.9419939517974854,-0.2300139218568802,-0.24442020058631897,0,0.17521104216575623,0.958143949508667,-0.22640803456306458,0,0.28626683354377747,0.17044992744922638,0.9428671002388,0,0,0.11284200102090836,0.028209000825881958,1,0.25214892625808716,0.013913066126406193,-0.9675880670547485,0,0.9197580218315125,-0.31423383951187134,0.2351662516593933,0,-0.30077704787254333,-0.94924396276474,-0.09203039109706879,0,0.05356400087475777,0.11750900000333786,-0.0008880000095814466,1,0.6140578985214233,0.5093333125114441,-0.6029198169708252,0,-0.5064066648483276,0.8401861786842346,0.194008931517601,0,0.6053802371025085,0.1861899346113205,0.7738529443740845,0,0,0.10648400336503983,0,1,0.45217299461364746,0.8405050039291382,0.2984810173511505,0,-0.7400690317153931,0.5403371453285217,-0.40041688084602356,0,-0.4978330135345459,-0.03983886167407036,0.8663579821586609,0,0,0.3087559938430786,0,1,0.9911989569664001,0.11160293966531754,-0.07119528949260712,0,-0.11152805387973785,0.9937489628791809,0.005039813928306103,0,0.07131271809339523,0.002944814506918192,0.9974499940872192,0,0,0.23405499756336212,0,1,-0.9969419240951538,0.020294977352023125,-0.07546326518058777,0,-0.011500977911055088,0.9170649647712708,0.39857301115989685,0,0.07729373127222061,0.3982219994068146,-0.9140270352363586,0,0,0.06599000096321106,0,1,0.9763180017471313,0.16525696218013763,-0.13962016999721527,0,-0.17905402183532715,0.9794559478759766,-0.09276416152715683,0,0.12142182886600494,0.11556682735681534,0.9858499765396118,0,0,0.04309700056910515,0,1,0.6934199333190918,0.1698201447725296,-0.7002350091934204,0,-0.4092308580875397,0.8926940560340881,-0.1887529343366623,0,0.5930420160293579,0.41744309663772583,0.6885079741477966,0,-0.003766000038012862,0.03990999981760979,-0.05057400092482567,1,0.09462887793779373,-0.012099825777113438,0.9954389929771423,0,-0.9686679840087891,-0.2317618727684021,0.0892668068408966,0,0.2296247035264969,-0.9726970791816711,-0.03365205228328705,0,-0.05356400087475777,0.11748500168323517,-0.0001880000054370612,1,0.6785910129547119,-0.48614710569381714,0.5506139397621155,0,0.13337285816669464,0.8187191486358643,0.5584898591041565,0,-0.7223060727119446,-0.30554908514022827,0.6204139590263367,0,0,0.10648400336503983,0,1,0.24003058671951294,-0.9652040600776672,-0.10376477986574173,0,0.6662315130233765,0.2415313422679901,-0.7055481672286987,0,0.7060600519180298,0.1002216786146164,0.7010239362716675,0,0,0.310806006193161,0,1,0.7504270672798157,0.04503495618700981,-0.6594179272651672,0,-0.1123320460319519,0.9918519854545593,-0.060096945613622665,0,0.6513380408287048,0.11917205154895782,0.7493709325790405,0,0,0.2348410040140152,0,1,0.9908289909362793,-0.05447795242071152,0.1236538365483284,0,-0.03226395323872566,0.7932678461074829,0.6080172657966614,0,-0.13121415674686432,-0.6064307689666748,0.7842351794242859,0,0,0.04594799876213074,0,1,0.9796559810638428,0.09036983549594879,0.1791851669549942,0,-0.2005271464586258,0.4760890007019043,0.8562289476394653,0,-0.00793081521987915,-0.8747410178184509,0.4845248758792877,0,0,0.052184998989105225,0,1,0.8630239963531494,0.2261909544467926,0.4516940414905548,0,-0.4587070345878601,0.7254400849342346,0.5131509304046631,0,-0.211606964468956,-0.6500571370124817,0.729827880859375,0,0.005311999935656786,0.059686001390218735,0.008244000375270844,1,-0.9778910875320435,0.07469574362039566,0.1953214406967163,0,0.1201697364449501,-0.5636810064315796,0.8172041177749634,0,0.17114058136940002,0.8226079940795898,0.542242169380188,0,0.12488999962806702,-0.04928499832749367,0.0067079998552799225,1,0.9994029998779297,-0.03215307742357254,-0.012644043192267418,0,-0.008170079439878464,0.13564929366111755,-0.9907230138778687,0,0.03356995806097984,0.9902350902557373,0.13530564308166504,0,0,0.4805760085582733,0,1,0.9763680100440979,-0.20672179758548737,0.0630195364356041,0,-0.04818378761410713,0.07603736221790314,0.9959399700164795,0,-0.2106744796037674,-0.9754410982131958,0.06427984684705734,0,0,0.39259400963783264,0,1,0.9908889532089233,0.1287562996149063,0.03950008004903793,0,-0.1346147209405899,0.9377989768981934,0.3200170397758484,0,0.004161078017205,-0.3224189281463623,0.9465880393981934,0,0,0.2655330002307892,0,1,-0.9772378206253052,-0.031219912692904472,-0.20983527600765228,0,-0.1435869038105011,-0.6307830214500427,0.7625579833984375,0,-0.15616770088672638,0.7753310203552246,0.6119431257247925,0,-0.12488999962806702,-0.04928499832749367,0.004391999915242195,1,0.9911739826202393,-0.1185038834810257,-0.05942120775580406,0,-0.008828875608742237,0.38823097944259644,-0.9215201139450073,0,0.13227280974388123,0.913910984992981,0.3837580680847168,0,0,0.4809130132198334,0,1,0.9762699604034424,-0.07517987489700317,-0.2030881643295288,0,0.19547712802886963,-0.09765768051147461,0.9758340120315552,0,-0.09319616109132767,-0.9923759698867798,-0.08064425736665726,0,0,0.3934980034828186,0,1,0.9927219748497009,-0.09118036180734634,-0.07866772264242172,0,0.11061963438987732,0.9486340284347534,0.2964080572128296,0,0.04760027304291725,-0.30295294523239136,0.9518160223960876,0,0,0.27194899320602417,0,1
K0.033,0.908305287361145,0.10149598121643066,0.40580734610557556,0,-0.14574575424194336,0.9861159920692444,0.07958169281482697,0,-0.3920958936214447,-0.13142918050289154,0.9104869961738586,0,0.002332963515073061,0.902408242225647,0.030950065702199936,1,0.9990019798278809,-0.03204420953989029,0.031127246096730232,0,0.025414735078811646,0.9806890487670898,0.19391486048698425,0,-0.03673997148871422,-0.19293010234832764,0.9805240035057068,0,0,0.08873499929904938,-0.003043999895453453,1,0.9966859221458435,-0.052313946187496185,0.0622931532561779,0,0.04034300148487091,0.9828539490699768,0.17991815507411957,0,-0.0706372857093811,-0.17680875957012177,0.9817070364952087,0,0,0.10358499735593796,0,1,0.9971299171447754,-0.0481717549264431,0.058409206569194794,0,0.049663275480270386,0.9984689354896545,-0.024358119815587997,0,-0.05714642256498337,0.027189012616872787,0.9979959726333618,0,0,0.1183829978108406,0,1,0.9736700057983398,0.05638069659471512,-0.2208799570798874,0,-0.05565804988145828,0.9984049201011658,0.009499258361756802,0,0.22106322646141052,0.0030446043238043785,0.9752549529075623,0,0,0.13318100571632385,0,1,0.9461601376533508,-0.21466976404190063,-0.242278054356575,0,0.16031169891357422,0.9609829783439636,-0.2254164218902588,0,0.2812149226665497,0.17443987727165222,0.9436569809913635,0,0,0.11284200102090836,0.028209000825881958,1,0.2992204427719116,0.01458223257213831,-0.9540728330612183,0,0.9075787663459778,-0.31302130222320557,0.27985450625419617,0,-0.29456406831741333,-0.9496340155601501,-0.10689686983823776,0,0.05356400087475777,0.11750900000333786,-0.0008880000095814466,1,0.6054763197898865,0.5066167712211609,-0.6137899160385132,0,-0.5328092575073242,0.8309248089790344,0.16024550795555115,0,0.5911960601806641,0.23000799119472504,0.7730349898338318,0,0,0.10648400336503983,0,1,0.4492301642894745,0.8374689817428589,0.31118878722190857,0,-0.7519661784172058,0.5425117015838623,-0.37446993589401245,0,-0.48243042826652527,-0.06578025221824646,0.8734607696533203,0,0,0.3087559938430786,0,1,0.9906668663024902,0.13012780249118805,-0.04056982323527336,0,-0.13230913877487183,0.9895830154418945,-0.0567421056330204,0,0.03276347741484642,0.061580270528793335,0.9975640177726746,0,0,0.23405499756336212,0,1,-0.99680095911026,0.022143781185150146,-0.07679007947444916,0,-0.010756752453744411,0.914929986000061,0.40346813201904297,0,0.07919195294380188,0.4030039310455322,-0.9117658734321594,0,0,0.06599000096321106,0,1,0.9739360809326172,0.17208895087242126,-0.14776189625263214,0,-0.19210727512836456,0.9721838235855103,-0.13398650288581848,0,0.12059419602155685,0.15888050198554993,0.9799049496650696,0,0,0.04309700056910515,0,1,0.679767906665802,0.12292023748159409,-0.7230532765388489,0,-0.4282543957233429,0.8668596148490906,-0.255249559879303,0,0.5954100489616394,0.48316094279289246,0.6419042348861694,0,-0.003766000038012862,0.03990999981760979,-0.05057400092482567,1,0.04339580237865448,-0.009254958480596542,0.9990150332450867,0,-0.9720739126205444,-0.2312275916337967,0.040083419531583786,0,0.23062889277935028,-0.9728560447692871,-0.019030829891562462,0,-0.05356400087475777,0.11748500168323517,-0.0001880000054370612,1,0.6782668828964233,-0.4692164361476898,0.565500795841217,0,0.07742715626955032,0.8109326958656311,0.5799933671951294,0,-0.7307252287864685,-0.349604994058609,0.5863586664199829,0,0,0.10648400336503983,0,1,0.28060248494148254,-0.9502096772193909,-0.13551464676856995,0,0.6490990519523621,0.29186785221099854,-0.7024835348129272,0,0.7070589661598206,0.10915614664554596,0.6986790299415588,0,0,0.310806006193161,0,1,0.7641883492469788,0.034960661083459854,-0.6440445780754089,0,-0.028329817578196526,0.9993859529495239,0.020635027438402176,0,0.6443703770637512,0.0024766193237155676,0.7647094130516052,0,0,0.2348410040140152,0,1,0.9908289909362793,-0.05447795242071152,0.1236538365483284,0,-0.03226395323872566,0.7932678461074829,0.6080172657966614,0,-0.13121415674686432,-0.6064307689666748,0.7842351794242859,0,0,0.04594799876213074,0,1,0.9796559810638428,0.09037063270807266,0.17918497323989868,0,-0.2005273401737213,0.47608888149261475,0.8562289476394653,0,-0.007930017076432705,-0.8747410178184509,0.4845249354839325,0,0,0.052184998989105225,0,1,0.8630239963531494,0.22619207203388214,0.45169389247894287,0,-0.4587079584598541,0.7254400253295898,0.5131509900093079,0,-0.21160610020160675,-0.6500569581985474,0.7298280596733093,0,0.005311999935656786,0.059686001390218735,0.008244000375270844,1,-0.9679359793663025,0.10368425399065018,0.22880201041698456,0,0.10486961156129837,-0.6608779430389404,0.7431302666664124,0,0.22826097905635834,0.7432963848114014,0.6288137435913086,0,0.12488999962806702,-0.04928499832749367,0.0067079998552799225,1,0.999966025352478,0.0077804927714169025,-0.002610604977235198,0,-0.002883275505155325,0.03524258732795715,-0.9993749856948853,0,-0.0076836212538182735,0.999347984790802,0.03526380658149719,0,0,0.4805760085582733,0,1,0.9819719195365906,-0.16160805523395538,0.09804533421993256,0,-0.09087131172418594,0.051219113171100616,0.9945449233055115,0,-0.16574831306934357,-0.9855250120162964,0.03561020269989967,0,0,0.39259400963783264,0,1,0.9895319938659668,0.13549116253852844,-0.049684762954711914,0,-0.09720021486282349,0.8802177309989929,0.4645085036754608,0,0.10667022317647934,-0.4548167884349823,0.884173572063446,0,0,0.2655330002307892,0,1,-0.9813759922981262,-0.08090917766094208,-0.17422355711460114,0,-0.08066944777965546,-0.6495332717895508,0.7560417056083679,0,-0.1743347942829132,0.7560160756111145,0.6309098601341248,0,-0.12488999962806702,-0.04928499832749367,0.004391999915242195,1,0.9818109273910522,-0.1641770303249359,-0.09536068141460419,0,-0.0018017158145084977,0.49418264627456665,-0.8693559765815735,0,0.1898539513349533,0.8537153005599976,0.48489829897880554,0,0,0.4809130132198334,0,1,0.9661650657653809,-0.12874896824359894,-0.2234908640384674,0,0.22435042262077332,-0.007976061664521694,0.9744758009910583,0,-0.12724539637565613,-0.9916449785232544,0.021178703755140305,0,0,0.3934980034828186,0,1,0.9928930401802063,-0.07397092878818512,-0.09322936087846756,0,0.09514522552490234,0.9639569520950317,0.24846507608890533,0,0.07148987799882889,-0.2555695176124573,0.9641438722610474,0,0,0.27194899320602417,0,1
K0.067,0.9262698888778687,0.09237602353096008,0.365363210439682,0,-0.12990424036979675,0.9883379936218262,0.07944875955581665,0,-0.353763610124588,-0.12105336040258408,0.9274687767028809,0,-0.0013149639125913382,0.925487756729126,0.03736993670463562,1,0.998663067817688,-0.030096974223852158,0.042035963386297226,0,0.021509084850549698,0.9812459349632263,0.1915552020072937,0,-0.04701283201575279,-0.19039486348628998,0.9805809855461121,0,0,0.08873499929904938,-0.003043999895453453,1,0.9950190782546997,-0.051858145743608475,0.08513054996728897,0,0.036267898976802826,0.9838280081748962,0.17540408670902252,0,-0.09284999966621399,-0.17144300043582916,0.9808089137077332,0,0,0.10358499735593796,0,1,0.9947800040245056,-0.04891034960746765,0.08955761045217514,0,0.05177461728453636,0.998210072517395,-0.029942193999886513,0,-0.0879327729344368,0.03442268446087837,0.9955310225486755,0,0,0.1183829978108406,0,1,0.9721999764442444,0.04774712771177292,-0.2292320728302002,0,-0.0393851138651371,0.9983860850334167,0.04091861844062805,0,0.23081576824188232,-0.03075273521244526,0.9725110530853271,0,0,0.13318100571632385,0,1,0.95197993516922,-0.18732525408267975,-0.24216297268867493,0,0.12964732944965363,0.9632059931755066,-0.2354247123003006,0,0.27735409140586853,0.19272400438785553,0.9412399530410767,0,0,0.11284200102090836,0.028209000825881958,1,0.33913469314575195,0.015578912571072578,-0.9406090974807739,0,0.8962801098823547,-0.3090919852256775,0.3180325925350189,0,-0.2857801020145416,-0.9509050250053406,-0.11878685653209686,0,0.05356400087475777,0.11750900000333786,-0.0008880000095814466,1,0.6037622094154358,0.5033100843429565,-0.6181827783584595,0,-0.5472128391265869,0.8255849480628967,0.13772429525852203,0,0.5796804428100586,0.2551248371601105,0.773874819278717,0,0,0.10648400336503983,0,1,0.43199050426483154,0.8394628763198853,0.32967570424079895,0,-0.7596110105514526,0.5357227325439453,-0.3687703609466553,0,-0.48618414998054504,-0.09112004190683365,0.8690929412841797,0,0,0.3087559938430786,0,1,0.9840580821037292,0.17762458324432373,-0.008915570564568043,0,-0.17777350544929504,0.9809550642967224,-0.07825865596532822,0,-0.005154882557690144,0.07859595119953156,0.9968929886817932,0,0,0.23405499756336212,0,1,-0.996630072593689,0.02434520050883293,-0.07833503186702728,0,-0.009878232143819332,0.9123780131340027,0.4092290699481964,0,0.08143393695354462,0.4086238443851471,-0.9090630412101746,0,0,0.06599000096321106,0,1,0.9710039496421814,0.17959387600421906,-0.15778616070747375,0,-0.20737089216709137,0.9611561298370361,-0.1821466088294983,0,0.11894474178552628,0.20958538353443146,0.9705291390419006,0,0,0.04309700056910515,0,1,0.664301335811615,0.06491366773843765,-0.7446407079696655,0,-0.4511536955833435,0.8291124701499939,-0.3302012085914612,0,0.5959562063217163,0.5553003549575806,0.580066442489624,0,-0.003766000038012862,0.03990999981760979,-0.05057400092482567,1,-0.004605988040566444,-0.006331789772957563,0.999968945980072,0,-0.9749500751495361,-0.2223464697599411,-0.005898689851164818,0,0.22237694263458252,-0.974946916103363,-0.0051489947363734245,0,-0.05356400087475777,0.11748500168323517,-0.0001880000054370612,1,0.6559091210365295,-0.5140186548233032,0.5527833104133606,0,0.09324478358030319,0.7818834185600281,0.6164126396179199,0,-0.7490587830543518,-0.35276609659194946,0.5607733130455017,0,0,0.10648400336503983,0,1,0.3184666931629181,-0.9273263216018677,-0.19658030569553375,0,0.6323931217193604,0.36232423782348633,-0.6846902966499329,0,0.7061570882797241,0.09373502433300018,0.7018229365348816,0,0,0.310806006193161,0,1,0.797466516494751,0.032433491200208664,-0.6024916768074036,0,0.021248968318104744,0.9964250326156616,0.08176525682210922,0,0.6029893159866333,-0.07800734043121338,0.7939258813858032,0,0,0.2348410040140152,0,1,0.9908289909362793,-0.0544779896736145,0.1236538365483284,0,-0.03226399049162865,0.7932680249214172,0.6080179214477539,0,-0.1312141716480255,-0.6064310669898987,0.7842349410057068,0,0,0.04594799876213074,0,1,0.979655921459198,0.09037040919065475,0.1791841685771942,0,-0.20052658021450043,0.4760890007019043,0.8562290668487549,0,-0.007929838262498379,-0.8747410178184509,0.48452502489089966,0,0,0.052184998989105225,0,1,0.8630241751670837,0.22619111835956573,0.4516935646533966,0,-0.45870688557624817,0.7254400253295898,0.5131510496139526,0,-0.2116064429283142,-0.6500569581985474,0.7298279404640198,0,0.005311999935656786,0.059686001390218735,0.008244000375270844,1,-0.9688969850540161,0.12195824086666107,0.2153240442276001,0,0.05744091421365738,-0.7355213761329651,0.6750626564025879,0,0.2407049685716629,0.6664347648620605,0.7056392431259155,0,0.12488999962806702,-0.04928499832749367,0.0067079998552799225,1,0.9999529719352722,-0.002699051285162568,0.009356127120554447,0,0.009375725872814655,0.0073444233275949955,-0.9999289512634277,0,0.002630143193528056,0.999968945980072,0.007369378115981817,0,0,0.4805760085582733,0,1,0.9864649772644043,-0.13374018669128418,0.09487053006887436,0,-0.08843393623828888,0.05328656733036041,0.9946560859680176,0,-0.13808077573776245,-0.9895829558372498,0.04073815047740936,0,0,0.39259400963783264,0,1,0.9871039986610413,0.15538665652275085,-0.038471490144729614,0,-0.1121009960770607,0.8425592184066772,0.5268086791038513,0,0.1142735406756401,-0.5157022476196289,0.8491125106811523,0,0,0.2655330002307892,0,1,-0.9867498874664307,-0.10122470557689667,-0.12679630517959595,0,-0.028030429035425186,-0.6633957028388977,0.7477431297302246,0,-0.1598062962293625,0.74139004945755,0.6517687439918518,0,-0.12488999962806702,-0.04928499832749367,0.004391999915242195,1,0.9755300879478455,-0.17890579998493195,-0.12780635058879852,0,0.014050893485546112,0.6308276653289795,-0.775796115398407,0,0.21941803395748138,0.7550160884857178,0.6179046630859375,0,0,0.4809130132198334,0,1,0.96259605884552,-0.13501708209514618,-0.2349018156528473,0,0.25576260685920715,0.1667146533727646,0.9522563815116882,0,-0.08940931409597397,-0.9767174124717712,0.1950111985206604,0,0,0.3934980034828186,0,1,0.9945909976959229,-0.08617491275072098,-0.05798039212822914,0,0.09904392808675766,0.9549911022186279,0.2796105444431305,0,0.03127535805106163,-0.2838408648967743,0.9583610892295837,0,0,0.27194899320602417,0,1
K0.100,0.9368759989738464,0.08794921636581421,0.3384210169315338,0,-0.12887579202651978,0.9865670800209045,0.10038628429174423,0,-0.32504600286483765,-0.13766370713710785,0.9356250762939453,0,-0.00040600000647827983,0.9510759711265564,0.04000600054860115,1,0.9982349872589111,-0.028003014624118805,0.05237310379743576,0,0.017832988873124123,0.9824960231781006,0.18542607128620148,0,-0.056648895144462585,-0.18416495621204376,0.9812620282173157,0,0,0.08873499929904938,-0.003043999895453453,1,0.9926640391349792,-0.054383859038352966,0.10798592865467072,0,0.036234136670827866,0.9858890175819397,0.163429856300354,0,-0.11535006761550903,-0.15831813216209412,0.9806269407272339,0,0,0.10358499735593796,0,1,0.9915839433670044,-0.05965811759233475,0.11489801108837128,0,0.06454087048768997,0.997143030166626,-0.039252378046512604,0,-0.11222798377275467,0.04633762314915657,0.9926009774208069,0,0,0.1183829978108406,0,1,0.9701759219169617,0.043753936886787415,-0.2384202927350998,0,-0.021429063752293587,0.9952049851417542,0.09543724358081818,0,0.24145269393920898,-0.08748175203800201,0.9664610624313354,0,0,0.13318100571632385,0,1,0.9555839896202087,-0.16536493599414825,-0.24395306408405304,0,0.09944406896829605,0.9601230025291443,-0.2612941265106201,0,0.27743393182754517,0.22542887926101685,0.9339230060577393,0,0,0.11284200102090836,0.028209000825881958,1,0.36630094051361084,0.015611348673701286,-0.9303650259971619,0,0.8861088156700134,-0.31098344922065735,0.3436582684516907,0,-0.283963143825531,-0.9502869844436646,-0.12774688005447388,0,0.05356400087475777,0.11750900000333786,-0.0008880000095814466,1,0.6109212636947632,0.493497759103775,-0.6190589666366577,0,-0.5443472862243652,0.8296209573745728,0.12416063994169235,0,0.5748571157455444,0.2611306309700012,0.775467038154602,0,0,0.10648400336503983,0,1,0.40790417790412903,0.8484188318252563,0.33734190464019775,0,-0.7661351561546326,0.5190370678901672,-0.3789956569671631,0,-0.49664008617401123,-0.10385561734437943,0.8617209792137146,0,0,0.3087559938430786,0,1,0.9716560244560242,0.2362777292728424,0.0075158970430493355,0,-0.23493924736976624,0.9687009453773499,-0.08014065027236938,0,-0.02621610462665558,0.07610335946083069,0.9967550039291382,0,0,0.23405499756336212,0,1,-0.9964360594749451,0.02676326408982277,-0.0799940899014473,0,-0.008925264701247215,0.909557044506073,0.41548284888267517,0,0.08387891203165054,0.4147162437438965,-0.9060770273208618,0,0,0.06599000096321106,0,1,0.9676719903945923,0.1870521605014801,-0.1691797822713852,0,-0.22378087043762207,0.946168065071106,-0.2338559478521347,0,0.11632923036813736,0.2641550302505493,0.9574389457702637,0,0,0.04309700056910515,0,1,0.6484134197235107,-0.0008831411832943559,-0.7612876892089844,0,-0.4764091372489929,0.779517650604248,-0.4066774547100067,0,0.59379643201828,0.6263796091079712,0.5050290822982788,0,-0.003766000038012862,0.03990999981760979,-0.05057400092482567,1,-0.03365681692957878,-0.004048663657158613,0.999424934387207,0,-0.9763330817222595,-0.21362361311912537,-0.03374455124139786,0,0.21363750100135803,-0.9769079089164734,0.003237037220969796,0,-0.05356400087475777,0.11748500168323517,-0.0001880000054370612,1,0.6447662711143494,-0.543293833732605,0.5376878380775452,0,0.08595814555883408,0.7505038380622864,0.6552521586418152,0,-0.7595311403274536,-0.3762657642364502,0.5305999517440796,0,0,0.10648400336503983,0,1,0.33579424023628235,-0.9147048592567444,-0.22484703361988068,0,0.6242871284484863,0.3948705196380615,-0.6740491986274719,0,0.7053419351577759,0.08597280085086823,0.7036340832710266,0,0,0.310806006193161,0,1,0.8217430710792542,0.02046738564968109,-0.5694908499717712,0,0.06125138700008392,0.9903929829597473,0.12397680431604385,0,0.5665571689605713,-0.1367591768503189,0.8125948309898376,0,0,0.2348410040140152,0,1,0.9908290505409241,-0.05447870492935181,0.12365423142910004,0,-0.032263707369565964,0.7932670712471008,0.6080179214477539,0,-0.13121479749679565,-0.6064311265945435,0.7842339873313904,0,0,0.04594799876213074,0,1,0.979655921459198,0.09037043154239655,0.17918404936790466,0,-0.20052658021450043,0.47609010338783264,0.8562290668487549,0,-0.007929958403110504,-0.8747410178184509,0.484526127576828,0,0,0.052184998989105225,0,1,0.8630239963531494,0.22619207203388214,0.45169389247894287,0,-0.4587079584598541,0.7254400253295898,0.5131509900093079,0,-0.21160610020160675,-0.6500569581985474,0.7298280596733093,0,0.005311999935656786,0.059686001390218735,0.008244000375270844,1,-0.9745200276374817,0.14604449272155762,0.17023907601833344,0,-0.004329494666308165,-0.7710866928100586,0.6367151737213135,0,0.2242579162120819,0.6197548508644104,0.7520721554756165,0,0.12488999962806702,-0.04928499832749367,0.0067079998552799225,1,0.9993000626564026,-0.02665097452700138,0.0262652188539505,0,0.027233030647039413,0.03662598133087158,-0.9989579916000366,0,0.02566121332347393,0.9989739656448364,0.037326131016016006,0,0,0.4805760085582733,0,1,0.9857399463653564,-0.1510223001241684,0.07421809434890747,0,-0.06700531393289566,0.0523081049323082,0.9963810443878174,0,-0.1543578803539276,-0.9871450066566467,0.0414428636431694,0,0,0.39259400963783264,0,1,0.9877509474754333,0.14486999809741974,-0.05797988921403885,0,-0.0927480012178421,0.843874990940094,0.5284630060195923,0,0.1254861056804657,-0.5166118741035461,0.8469740152359009,0,0,0.2655330002307892,0,1,-0.9921430349349976,-0.09564471989870071,-0.08064812421798706,0,0.004956278949975967,-0.6741701364517212,0.7385599613189697,0,-0.12500987946987152,0.7323572039604187,0.6693469285964966,0,-0.12488999962806702,-0.04928499832749367,0.004391999915242195,1,0.98055100440979,-0.14529691636562347,-0.13194091618061066,0,0.03302806243300438,0.7848342657089233,-0.6188247203826904,0,0.19346505403518677,0.6024312973022461,0.7743687629699707,0,0,0.4809130132198334,0,1,0.9647449254989624,-0.06824315339326859,-0.2541861832141876,0,0.2603278160095215,0.38941916823387146,0.8835049271583557,0,0.03869181498885155,-0.9185290336608887,0.3934559226036072,0,0,0.3934980034828186,0,1,0.9880660176277161,-0.1353069692850113,0.07360196858644485,0,0.1042570024728775,0.9392349720001221,0.3270598351955414,0,-0.11338303238153458,-0.3154831826686859,0.9421329498291016,0,0,0.27194899320602417,0,1
K0.133,0.9414359927177429,0.0706738531589508,0.32970330119132996,0,-0.12139961868524551,0.9832599759101868,0.13587728142738342,0,-0.3145810067653656,-0.16794557869434357,0.934255838394165,0,0.003557082498446107,0.9727281332015991,0.04275801032781601,1,0.9980369806289673,-0.024775851517915726,0.057514600455760956,0,0.014051082544028759,0.9835879802703857,0.1798800230026245,0,-0.061027392745018005,-0.17871889472007751,0.9820059537887573,0,0,0.08873499929904938,-0.003043999895453453,1,0.9915429949760437,-0.051212698221206665,0.11924295127391815,0,0.032700132578611374,0.9877890348434448,0.1523255854845047,0,-0.12558801472187042,-0.14713825285434723,0.9811109304428101,0,0,0.10358499735593796,0,1,0.9909840226173401,-0.0533258393406868,0.12291180342435837,0,0.0607888400554657,0.9964759945869446,-0.05778818577528,0,-0.11939714103937149,0.06473886966705322,0.9907340407371521,0,0,0.1183829978108406,0,1,0.969106912612915,0.044802941381931305,-0.24253609776496887,0,-0.010547262616455555,0.9899910092353821,0.14073403179645538,0,0.2464139312505722,-0.133828267455101,0.959879994392395,0,0,0.13318100571632385,0,1,0.9568049311637878,-0.1566002517938614,-0.24495093524456024,0,0.08183084428310394,0.9535319805145264,-0.28996503353118896,0,0.2789771556854248,0.2573954164981842,0.9251587986946106,0,0,0.11284200102090836,0.028209000825881958,1,0.3716371953487396,0.014012965373694897,-0.9282718896865845,0,0.8807390928268433,-0.3215048909187317,0.3477538824081421,0,-0.29357102513313293,-0.9468039870262146,-0.1318250149488449,0,0.05356400087475777,0.11750900000333786,-0.0008880000095814466,1,0.6150231957435608,0.49266189336776733,-0.6156558394432068,0,-0.5549833178520203,0.8250998854637146,0.1058507189154625,0,0.5601257681846619,0.2765779197216034,0.7808741927146912,0,0,0.10648400336503983,0,1,0.38430893421173096,0.8584631085395813,0.33962762355804443,0,-0.7687559723854065,0.5012757778167725,-0.3971613645553589,0,-0.5111956000328064,-0.10845813155174255,0.8525936007499695,0,0,0.3087559938430786,0,1,0.9549488425254822,0.29616251587867737,0.01896212063729763,0,-0.2950664460659027,0.9543648958206177,-0.046076733618974686,0,-0.03174300491809845,0.03840586543083191,0.9987580180168152,0,0,0.23405499756336212,0,1,-0.9962301254272461,0.02926274947822094,-0.0816648006439209,0,-0.00795071478933096,0.9066259860992432,0.421860009431839,0,0.08638425916433334,0.42091917991638184,-0.9029759764671326,0,0,0.06599000096321106,0,1,0.964124858379364,0.19388310611248016,-0.18130724132061005,0,-0.2402990758419037,0.9276688098907471,-0.28580766916275024,0,0.11277982592582703,0.3191223740577698,0.9409788846969604,0,0,0.04309700056910515,0,1,0.633367657661438,-0.0702376738190651,-0.7706572413444519,0,-0.5023142099380493,0.720239520072937,-0.4784715175628662,0,0.5886647701263428,0.6901607513427734,0.42089515924453735,0,-0.003766000038012862,0.03990999981760979,-0.05057400092482567,1,-0.04529893025755882,-0.0036608222872018814,0.9989669919013977,0,-0.9747799038887024,-0.21858234703540802,-0.04500317573547363,0,0.218521386384964,-0.9758119583129883,0.0063330670818686485,0,-0.05356400087475777,0.11748500168323517,-0.0001880000054370612,1,0.643589198589325,-0.545659065246582,0.5367016792297363,0,0.07226390391588211,0.7414202690124512,0.6671385765075684,0,-0.7619521021842957,-0.3905791640281677,0.5166017413139343,0,0,0.10648400336503983,0,1,0.34495964646339417,-0.9064947962760925,-0.243455708026886,0,0.6201339364051819,0.4148147702217102,-0.6658551096916199,0,0.7045832872390747,0.07871796190738678,0.7052426934242249,0,0,0.310806006193161,0,1,0.8375030755996704,0.011321893893182278,-0.5463159680366516,0,0.08324601501226425,0.9854719638824463,0.14803922176361084,0,0.540054976940155,-0.16946187615394592,0.8243929743766785,0,0,0.2348410040140152,0,1,0.9908290505409241,-0.05447862669825554,0.12365417927503586,0,-0.032263629138469696,0.7932678461074829,0.6080172657966614,0,-0.13121484220027924,-0.6064307689666748,0.7842351794242859,0,0,0.04594799876213074,0,1,0.9796560406684875,0.09037013351917267,0.17918455600738525,0,-0.20052684843540192,0.4760899841785431,0.8562290668487549,0,-0.007930435240268707,-0.8747410774230957,0.4845259487628937,0,0,0.052184998989105225,0,1,0.8630239963531494,0.2261909544467926,0.4516940414905548,0,-0.4587070345878601,0.7254400849342346,0.5131509304046631,0,-0.211606964468956,-0.6500571370124817,0.729827880859375,0,0.005311999935656786,0.059686001390218735,0.008244000375270844,1,-0.9767370820045471,0.16169925034046173,0.14084582030773163,0,-0.042045969516038895,-0.7884722352027893,0.6136319041252136,0,0.21027688682079315,0.5934351682662964,0.7769289612770081,0,0.12488999962806702,-0.04928499832749367,0.0067079998552799225,1,0.9985439777374268,-0.03870677202939987,0.0375618152320385,0,0.041465096175670624,0.10554184019565582,-0.9935499429702759,0,0.03449276462197304,0.9936608672142029,0.1069931611418724,0,0,0.4805760085582733,0,1,0.9879810214042664,-0.1417575478553772,0.06163271889090538,0,-0.05451805889606476,0.053540028631687164,0.9970759749412537,0,-0.14464285969734192,-0.988452136516571,0.045168180018663406,0,0,0.39259400963783264,0,1,0.9887140989303589,0.14046840369701385,-0.05208921059966087,0,-0.09195365756750107,0.8434837460517883,0.5292254686355591,0,0.11827586591243744,-0.5184628963470459,0.8468809127807617,0,0,0.2655330002307892,0,1,-0.9964210987091064,-0.0742315798997879,-0.04042799398303032,0,0.017079493030905724,-0.6452369689941406,0.7637921571731567,0,-0.08278317004442215,0.7603684067726135,0.6441956162452698,0,-0.12488999962806702,-0.04928499832749367,0.004391999915242195,1,0.9970391392707825,-0.07154933363199234,-0.0281837098300457,0,0.0468670018017292,0.8559349775314331,-0.5149549841880798,0,0.06096813082695007,0.5121095776557922,0.8567543029785156,0,0,0.4809130132198334,0,1,0.9841221570968628,0.09168209135532379,-0.15197870135307312,0,0.07639266550540924,0.5541005730628967,0.8289373517036438,0,0.1602102667093277,-0.8273860812187195,0.5382990837097168,0,0,0.3934980034828186,0,1,0.9806432723999023,-0.1822344809770584,0.07162272185087204,0,0.166303351521492,0.9682562351226807,0.18660840392112732,0,-0.10335565358400345,-0.1710852086544037,0.9798203706741333,0,0,0.27194899320602417,0,1
