0.800,30,23,33
B0,mixamorig_Hips,-1,0.9989780187606812,0.04218300059437752,0.01622699946165085,0,-0.044342998415231705,0.9842180013656616,0.17131300270557404,0,-0.00874400045722723,-0.17185699939727783,0.9850829839706421,0,0.003060000017285347,0.9665570259094238,-0.03350299969315529,1
B1,mixamorig_Spine,0,0.9984019994735718,-0.006606999784708023,-0.05611500144004822,0,0.013163000345230103,0.9930130243301392,0.11726800352334976,0,0.054947998374700546,-0.11781899631023407,0.9915140271186829,0,0,0.08873499929904938,-0.003043999895453453,1
B2,mixamorig_Spine1,1,0.9996680021286011,0.015448999591171741,-0.020609000697731972,0,-0.014863000251352787,0.9994900226593018,0.028272999450564384,0,0.021036000922322273,-0.02795800007879734,0.9993879795074463,0,0,0.10358499735593796,0,1
B3,mixamorig_Spine2,2,0.9996740221977234,0.015216999687254429,-0.02048799954354763,0,-0.014631999656558037,0.9994890093803406,0.02843100018799305,0,0.020910000428557396,-0.02812200039625168,0.9993860125541687,0,0,0.1183829978108406,0,1
B4,mixamorig_Neck,3,0.9999780058860779,-0.0016850000247359276,0.006339999847114086,0,0.0015460000140592456,0.9997619986534119,0.021782999858260155,0,-0.0063749998807907104,-0.021772999316453934,0.9997429847717285,0,0,0.13318100571632385,0,1
B5,mixamorig_Head,4,0.9941440224647522,-0.0640299990773201,0.08705399930477142,0,0.08534800261259079,0.9593380093574524,-0.26904699206352234,0,-0.06628700345754623,0.27490198612213135,0.959185004234314,0,0,0.11284200102090836,0.028209000825881958,1
B6,mixamorig_HeadTop_End,5,1,0,0,0,0,1,0,0,0,0,1,0,0,0.3948740065097809,0.0987119972705841,1
B7,mixamorig_LeftShoulder,3,-0.09784899652004242,0.04538999870419502,-0.9941660165786743,0,0.9449560046195984,-0.30916500091552734,-0.10712099820375443,0,-0.31222298741340637,-0.9499250054359436,-0.012640000320971012,0,0.05356400087475777,0.11750900000333786,-0.0008880000095814466,1
B8,mixamorig_LeftArm,7,0.25588399171829224,0.7320830225944519,-0.6313300132751465,0,0.04598600044846535,0.6431149840354919,0.7643870115280151,0,0.9656130075454712,-0.22462600469589233,0.13089799880981445,0,0,0.10648400336503983,0,1
B9,mixamorig_LeftForeArm,8,0.4384959936141968,0.6417239904403687,0.6292150020599365,0,-0.44096100330352783,0.7636709809303284,-0.47154900431632996,0,-0.7831180095672607,-0.07068700343370438,0.6178420186042786,0,0,0.3087559938430786,0,1
B10,mixamorig_LeftHand,9,0.9654110074043274,0.2200700044631958,0.13982300460338593,0,-0.24417200684547424,0.9511719942092896,0.1888190060853958,0,-0.0914430022239685,-0.2164289951324463,0.9720069766044617,0,0,0.23405499756336212,0,1
B11,mixamorig_LeftHandIndex1,10,-0.9761790037155151,0.1439799964427948,-0.16230900585651398,0,0.10192500054836273,0.9647169709205627,0.24276100099086761,0,0.19153499603271484,0.2204349935054779,-0.9564110040664673,0,0,0.06599000096321106,0,1
B12,mixamorig_LeftHandIndex2,11,0.9379850029945374,0.3066309988498688,-0.161749005317688,0,-0.3191109895706177,0.9459900259971619,-0.05719799920916557,0,0.13547399640083313,0.1052670031785965,0.9851729869842529,0,0,0.04309700056910515,0,1
B13,mixamorig_LeftHandIndex3,12,0.6322410106658936,0.2074420005083084,-0.7464849948883057,0,-0.4742110073566437,0.8655449748039246,-0.16110900044441223,0,0.6126959919929504,0.4558509886264801,0.6456040143966675,0,-0.003766000038012862,0.03990999981760979,-0.05057400092482567,1
B14,mixamorig_LeftHandIndex4,13,1,0,0,0,0,1,0,0,0,0,1,0,0.01626800000667572,0.010591999627649784,-0.02060599997639656,1
B15,mixamorig_RightShoulder,3,0.08930899947881699,-0.044199999421834946,0.9950230121612549,0,-0.9581270217895508,-0.27669501304626465,0.0737060010433197,0,0.27206000685691833,-0.959941029548645,-0.06706099957227707,0,-0.05356400087475777,0.11748500168323517,-0.0001880000054370612,1
B16,mixamorig_RightArm,15,0.4979490041732788,-0.7929459810256958,0.3511179983615875,0,0.43092700839042664,0.5776069760322571,0.6933050155639648,0,-0.7525619864463806,-0.19392399489879608,0.6293209791183472,0,0,0.10648400336503983,0,1
B17,mixamorig_RightForeArm,16,0.3425540030002594,-0.7511969804763794,-0.5642330050468445,0,0.4885930120944977,0.6554070115089417,-0.5759509801864624,0,0.8024550080299377,-0.07838600128889084,0.5915420055389404,0,0,0.310806006193161,0,1
B18,mixamorig_RightHand,17,0.9320510029792786,-0.2533249855041504,-0.2590489983558655,0,0.24963800609111786,0.9671679735183716,-0.04760599881410599,0,0.2626039981842041,-0.02029700018465519,0.9646900296211243,0,0,0.2348410040140152,0,1
B19,mixamorig_RightHandIndex1,18,0.9954140186309814,0.09538000077009201,0.007362000178545713,0,-0.09405600279569626,0.9617390036582947,0.25731799006462097,0,0.017463000491261482,-0.25683000683784485,0.9662989974021912,0,0,0.04594799876213074,0,1
B20,mixamorig_RightHandIndex2,19,0.9578869938850403,0.22895899415016174,0.17329099774360657,0,-0.2781890034675598,0.5904150009155273,0.7576419711112976,0,0.07115600258111954,-0.7739430069923401,0.6292449831962585,0,0,0.052184998989105225,0,1
B21,mixamorig_RightHandIndex3,20,0.8634099960327148,0.42888399958610535,0.26567399501800537,0,-0.4755539894104004,0.8676949739456177,0.14475399255752563,0,-0.1684419959783554,-0.25132501125335693,0.9531329870223999,0,0.005311999935656786,0.059686001390218735,0.008244000375270844,1
B22,mixamorig_RightHandIndex4,21,1,0,0,0,0,1,0,0,0,0,1,0,0.013464000076055527,0.02288700081408024,0.014065999537706375,1
B23,mixamorig_LeftUpLeg,0,-0.9982590079307556,0.05289199948310852,-0.026122000068426132,0,-0.05892699956893921,-0.8734620213508606,0.48331400752067566,0,0.0027459999546408653,0.48401200771331787,0.8750569820404053,0,0.12488999962806702,-0.04928499832749367,0.0067079998552799225,1
B24,mixamorig_LeftLeg,23,0.989391028881073,0.14477600157260895,-0.012075000442564487,0,-0.022230999544262886,0.06873399764299393,-0.9973869919776917,0,-0.1435679942369461,0.9870740175247192,0.07122299820184708,0,0,0.4805760085582733,0,1
B25,mixamorig_LeftFoot,24,0.975907027721405,-0.19572600722312927,0.09642200171947479,0,-0.0490030013024807,0.23401400446891785,0.9709979891777039,0,-0.2126139998435974,-0.9523280262947083,0.21878500282764435,0,0,0.39259400963783264,0,1
B26,mixamorig_LeftToeBase,25,0.9905999898910522,0.052331000566482544,0.12638700008392334,0,-0.12734700739383698,0.6901689767837524,0.7123550176620483,0,-0.049949999898672104,-0.7217530012130737,0.6903460025787354,0,0,0.2655330002307892,0,1
B27,mixamorig_LeftToe_End,26,1,0,0,0,0,1,0,0,0,0,1,0,0,0.1120460033416748,0,1
B28,mixamorig_RightUpLeg,0,-0.9942460060119629,-0.05698699876666069,-0.09070300310850143,0,0.046998001635074615,-0.9929640293121338,0.1086919978260994,0,-0.09625899791717529,0.10380399972200394,0.9899290204048157,0,-0.12488999962806702,-0.04928499832749367,0.004391999915242195,1
B29,mixamorig_RightLeg,28,0.98921799659729,-0.05766399949789047,0.13462400436401367,0,0.12954699993133545,0.7732759714126587,-0.6206949949264526,0,-0.06831000000238419,0.6314420104026794,0.7724080085754395,0,0,0.4809130132198334,0,1
B30,mixamorig_RightFoot,29,0.9932140111923218,0.005563000217080116,-0.11616700142621994,0,0.11526600271463394,-0.18000799417495728,0.9768880009651184,0,-0.015476999804377556,-0.9836490154266357,-0.17942699790000916,0,0,0.3934980034828186,0,1
B31,mixamorig_RightToeBase,30,0.99372798204422,-0.10435699671506882,-0.04016900062561035,0,0.10975900292396545,0.8416129946708679,0.528810977935791,0,-0.02137799933552742,-0.529902994632721,0.8477889895439148,0,0,0.27194899320602417,0,1
B32,mixamorig_RightToe_End,31,1,0,0,0,0,1,0,0,0,0,1,0,0,0.11006300151348114,0,1
@28,0,1,2,3,4,5,7,8,9,10,11,12,13,15,16,17,18,19,20,21,23,24,25,26,28,29,30,31
K0,0.9989780187606812,0.042183276265859604,0.016226811334490776,0,-0.04434271901845932,0.9842180609703064,0.17131274938583374,0,-0.008744189515709877,-0.17185725271701813,0.9850829243659973,0,0.003060000017285347,0.9665570259094238,-0.03350299969315529,1,0.9984019994735718,-0.006607327144593,-0.05611492693424225,0,0.013162672519683838,0.9930130243301392,0.11726783961057663,0,0.054948072880506516,-0.1178191751241684,0.9915140271186829,0,0,0.08873499929904938,-0.003043999895453453,1,0.9996680021286011,0.01544881984591484,-0.020609358325600624,0,-0.014863179996609688,0.999489963054657,0.02827335149049759,0,0.02103564329445362,-0.027957649901509285,0.9993879795074463,0,0,0.10358499735593796,0,1,0.9996740221977234,0.015217249281704426,-0.020487911999225616,0,-0.014631750993430614,0.9994890093803406,0.028431018814444542,0,0.02091008983552456,-0.028121981769800186,0.9993860125541687,0,0,0.1183829978108406,0,1,0.9999780058860779,-0.0016847350634634495,0.006339903920888901,0,0.0015462650917470455,0.9997619986534119,0.021783137694001198,0,-0.006375096272677183,-0.02177286148071289,0.9997429847717285,0,0,0.13318100571632385,0,1,0.9941439628601074,-0.06403008103370667,0.08705395460128784,0,0.08534792065620422,0.9593379497528076,-0.2690473198890686,0,-0.06628705561161041,0.27490168809890747,0.9591851234436035,0,0,0.11284200102090836,0.028209000825881958,1,-0.09784942865371704,0.04538983851671219,-0.9941660165786743,0,0.9449560642242432,-0.3091648519039154,-0.10712125897407532,0,-0.31222331523895264,-0.9499249458312988,-0.012639856897294521,0,0.05356400087475777,0.11750900000333786,-0.0008880000095814466,1,0.2558840215206146,0.7320826649665833,-0.6313304305076599,0,0.04598546773195267,0.6431154012680054,0.7643866539001465,0,0.9656129479408264,-0.22462643682956696,0.13089783489704132,0,0,0.10648400336503983,0,1,0.43849611282348633,0.6417236924171448,0.6292151212692261,0,-0.4409612715244293,0.763670802116394,-0.4715490937232971,0,-0.7831178307533264,-0.07068710774183273,0.6178422570228577,0,0,0.3087559938430786,0,1,0.9654108881950378,0.22007028758525848,0.13982336223125458,0,-0.24417170882225037,0.9511720538139343,0.1888190656900406,0,-0.09144264459609985,-0.2164289504289627,0.9720070362091064,0,0,0.23405499756336212,0,1,-0.9761789441108704,0.14397969841957092,-0.16230909526348114,0,0.10192526876926422,0.964716911315918,0.24276116490364075,0,0.19153490662574768,0.22043482959270477,-0.9564110040664673,0,0,0.06599000096321106,0,1,0.9379850625991821,0.30663084983825684,-0.1617489457130432,0,-0.3191111087799072,0.9459899663925171,-0.0571981705725193,0,0.1354740560054779,0.10526683926582336,0.9851730465888977,0,0,0.04309700056910515,0,1,0.6322408318519592,0.20744189620018005,-0.7464851140975952,0,-0.47421109676361084,0.8655449151992798,-0.1611088067293167,0,0.6126957535743713,0.45585113763809204,0.6456040740013123,0,-0.003766000038012862,0.03990999981760979,-0.05057400092482567,1,0.08930916339159012,-0.04420031979680061,0.9950229525566101,0,-0.9581269025802612,-0.27669528126716614,0.07370634377002716,0,0.2720603048801422,-0.959941029548645,-0.06706096231937408,0,-0.05356400087475777,0.11748500168323517,-0.0001880000054370612,1,0.49794888496398926,-0.7929460406303406,0.3511180877685547,0,0.4309269189834595,0.577607274055481,0.6933048367500305,0,-0.7525619864463806,-0.1939241886138916,0.6293209195137024,0,0,0.10648400336503983,0,1,0.34255388379096985,-0.751197099685669,-0.5642329454421997,0,0.4885929226875305,0.6554070711135864,-0.5759509801864624,0,0.8024550676345825,-0.07838599383831024,0.5915418863296509,0,0,0.310806006193161,0,1,0.9320510625839233,-0.2533249258995056,-0.25904905796051025,0,0.24963806569576263,0.9671679735183716,-0.047606151551008224,0,0.26260390877723694,-0.020297151058912277,0.9646900296211243,0,0,0.2348410040140152,0,1,0.9954140782356262,0.09537984430789948,0.0073617976158857346,0,-0.09405616670846939,0.9617390036582947,0.2573178708553314,0,0.017462797462940216,-0.256830096244812,0.9662990570068359,0,0,0.04594799876213074,0,1,0.9578869938850403,0.22895927727222443,0.17329071462154388,0,-0.27818870544433594,0.5904150605201721,0.7576419115066528,0,0.07115572690963745,-0.7739430665969849,0.6292449831962585,0,0,0.052184998989105225,0,1,0.8634098172187805,0.42888399958610535,0.26567450165748596,0,-0.4755539894104004,0.8676949143409729,0.1447543054819107,0,-0.16844148933887482,-0.25132468342781067,0.9531331062316895,0,0.005311999935656786,0.059686001390218735,0.008244000375270844,1,-0.9982590079307556,0.05289195105433464,-0.026122460141777992,0,-0.05892705172300339,-0.873461902141571,0.48331430554389954,0,0.002746459562331438,0.484011709690094,0.8750571608543396,0,0.12488999962806702,-0.04928499832749367,0.0067079998552799225,1,0.9893909692764282,0.14477646350860596,-0.012075187638401985,0,-0.02223053015768528,0.06873386353254318,-0.9973870515823364,0,-0.14356817305088043,0.9870740175247192,0.07122310996055603,0,0,0.4805760085582733,0,1,0.9759069681167603,-0.1957264393568039,0.09642202407121658,0,-0.04900343343615532,0.23401428759098053,0.9709979295730591,0,-0.21261397004127502,-0.952328085899353,0.21878477931022644,0,0,0.39259400963783264,0,1,0.9905999302864075,0.052331190556287766,0.12638697028160095,0,-0.12734681367874146,0.6901693344116211,0.7123547196388245,0,-0.04995002597570419,-0.7217532992362976,0.6903457045555115,0,0,0.2655330002307892,0,1,-0.9942460060119629,-0.05698711797595024,-0.09070305526256561,0,0.046997878700494766,-0.9929640293121338,0.10869211703538895,0,-0.09625894576311111,0.10380388051271439,0.9899290204048157,0,-0.12488999962806702,-0.04928499832749367,0.004391999915242195,1,0.98921799659729,-0.05766374617815018,0.13462407886981964,0,0.12954725325107574,0.7732760310173035,-0.6206948757171631,0,-0.06830991059541702,0.6314420700073242,0.7724079489707947,0,0,0.4809130132198334,0,1,0.9932140111923218,0.005562580190598965,-0.11616691201925278,0,0.11526557058095932,-0.180007666349411,0.9768880605697632,0,-0.015476920641958714,-0.9836488962173462,-0.17942729592323303,0,0,0.3934980034828186,0,1,0.99372798204422,-0.10435723513364792,-0.040169261395931244,0,0.10975876450538635,0.8416130542755127,0.5288107991218567,0,-0.02137826383113861,-0.5299031734466553,0.8477888703346252,0,0,0.27194899320602417,0,1
K0.035,0.9967002868652344,0.06355514377355576,0.05049719288945198,0,-0.0716313049197197,0.9812694787979126,0.17882627248764038,0,-0.038186002522706985,-0.1818532794713974,0.9825835824012756,0,0.005883148405700922,0.9892163276672363,-0.04462120682001114,1,0.9959477186203003,-0.03424353152513504,-0.08316273242235184,0,0.043039217591285706,0.9933931231498718,0.10638802498579025,0,0.07897017151117325,-0.10953615605831146,0.9908413290977478,0,0,0.08873499929904938,-0.003043999895453453,1,0.9994061589241028,0.0028075578156858683,-0.034356579184532166,0,-0.00209368416108191,0.9997819066047668,0.020796723663806915,0,0.03440744802355766,-0.02071242779493332,0.9991933703422546,0,0,0.10358499735593796,0,1,0.999410092830658,0.0023454574402421713,-0.03425782173871994,0,-0.0016285603633150458,0.9997798800468445,0.020939499139785767,0,0.03429938107728958,-0.020871348679065704,0.9991936087608337,0,0,0.1183829978108406,0,1,0.9999679923057556,0.004070369526743889,0.006881020963191986,0,-0.004230373539030552,0.999717116355896,0.02340059168636799,0,-0.006783824414014816,-0.02342894673347473,0.9997021555900574,0,0,0.13318100571632385,0,1,0.9934954047203064,-0.048516012728214264,0.10301857441663742,0,0.07403112947940826,0.9626001715660095,-0.2606138288974762,0,-0.08652181923389435,0.2665453851222992,0.9599312543869019,0,0,0.11284200102090836,0.028209000825881958,1,-0.15545614063739777,0.04776102304458618,-0.9866878390312195,0,0.9380038976669312,-0.30611884593963623,-0.16260357201099396,0,-0.30980968475341797,-0.950794517993927,0.0027879418339580297,0,0.05356400087475777,0.11750900000333786,-0.0008880000095814466,1,0.22921860218048096,0.7014617919921875,-0.674841046333313,0,0.10034452378749847,0.6725773215293884,0.7331921458244324,0,0.9681892991065979,-0.23577797412872314,0.08377939462661743,0,0,0.10648400336503983,0,1,0.4085628390312195,0.6902341246604919,0.5972051620483398,0,-0.47429540753364563,0.7195807695388794,-0.5071954131126404,0,-0.7798208594322205,-0.07603044807910919,0.6213687062263489,0,0,0.3087559938430786,0,1,0.9721555113792419,0.19962047040462494,0.12274187803268433,0,-0.22393551468849182,0.945694088935852,0.2356184720993042,0,-0.06904195994138718,-0.2565438747406006,0.9640631079673767,0,0,0.23405499756336212,0,1,-0.9761789441108704,0.14397968351840973,-0.16230899095535278,0,0.10192529112100601,0.9647169709205627,0.2427610456943512,0,0.19153499603271484,0.22043494880199432,-0.9564119577407837,0,0,0.06599000096321106,0,1,0.9379850625991821,0.30663082003593445,-0.16174902021884918,0,-0.3191111981868744,0.9459900259971619,-0.057198673486709595,0,0.13547398149967194,0.10526733845472336,0.9851729869842529,0,0,0.04309700056910515,0,1,0.6322411894798279,0.20744191110134125,-0.7464848160743713,0,-0.47421106696128845,0.8655449151992798,-0.16110903024673462,0,0.612695038318634,0.45585089921951294,0.6456040143966675,0,-0.003766000038012862,0.03990999981760979,-0.05057400092482567,1,0.12187707424163818,-0.053757794201374054,0.9910882115364075,0,-0.9632444381713867,-0.24723632633686066,0.10504262149333954,0,0.23938624560832977,-0.9674627780914307,-0.08191433548927307,0,-0.05356400087475777,0.11748500168323517,-0.0001880000054370612,1,0.44113966822624207,-0.803686797618866,0.3993529975414276,0,0.4506705105304718,0.5832012295722961,0.6758493781089783,0,-0.7760742902755737,-0.11816730350255966,0.6194710731506348,0,0,0.10648400336503983,0,1,0.27390989661216736,-0.8314926624298096,-0.48331591486930847,0,0.5408176779747009,0.5487189292907715,-0.6375135183334351,0,0.7952923774719238,-0.08676455169916153,0.5999855399131775,0,0,0.310806006193161,0,1,0.9126675128936768,-0.2568542957305908,-0.31790590286254883,0,0.22006987035274506,0.9642957448959351,-0.1473168581724167,0,0.34439438581466675,0.06448981910943985,0.9366074800491333,0,0,0.2348410040140152,0,1,0.9941365122795105,0.10757327824831009,0.011022851802408695,0,-0.10556294023990631,0.9433152675628662,0.31466126441955566,0,0.023451125249266624,-0.3139799237251282,0.9491400718688965,0,0,0.04594799876213074,0,1,0.9560407996177673,0.22996166348457336,0.18194599449634552,0,-0.28281497955322266,0.559172511100769,0.779321551322937,0,0.07747483253479004,-0.7965200543403625,0.5996281504631042,0,0,0.052184998989105225,0,1,0.850036084651947,0.4159713685512543,0.3231199383735657,0,-0.49730536341667175,0.8359533548355103,0.23209597170352936,0,-0.173567995429039,-0.357979416847229,0.917455792427063,0,0.005311999935656786,0.059686001390218735,0.008244000375270844,1,-0.9962997436523438,0.08117774873971939,-0.02825070545077324,0,-0.08297818899154663,-0.8226587176322937,0.562448263168335,0,0.022417567670345306,0.5627104640007019,0.8263494372367859,0,0.12488999962806702,-0.04928499832749367,0.0067079998552799225,1,0.9828420281410217,0.18053151667118073,0.03781780228018761,0,0.00024603240308351815,0.2037467509508133,-0.9790235757827759,0,-0.18444985151290894,0.9622346758842468,0.20020641386508942,0,0,0.4805760085582733,0,1,0.9678723812103271,-0.21881935000419617,0.12385470420122147,0,-0.07336573302745819,0.22537676990032196,0.971504807472229,0,-0.240498349070549,-0.9493806958198547,0.20208238065242767,0,0,0.39259400963783264,0,1,0.9936673641204834,0.0775415301322937,0.08131054788827896,0,-0.11212974786758423,0.7303904891014099,0.6737633943557739,0,-0.007143803872168064,-0.6786139011383057,0.7344597578048706,0,0,0.2655330002307892,0,1,-0.9891893267631531,-0.021737821400165558,-0.1450255811214447,0,0.028146469965577126,-0.9987092018127441,-0.04228512570261955,0,-0.14391906559467316,-0.04590991139411926,0.988523542881012,0,-0.12488999962806702,-0.04928499832749367,0.004391999915242195,1,0.9808423519134521,-0.10173822939395905,0.1661282330751419,0,0.16736122965812683,0.8765209317207336,-0.4513338506221771,0,-0.09969689697027206,0.47049039602279663,0.8767551779747009,0,0,0.4809130132198334,0,1,0.9973671436309814,0.0051487102173268795,-0.07233641296625137,0,0.07248913496732712,-0.041948530822992325,0.9964869618415833,0,0.002096213400363922,-0.9991063475608826,-0.04221128672361374,0,0,0.3934980034828186,0,1,0.9933241605758667,-0.09894422441720963,-0.059301119297742844,0,0.11437158286571503,0.7778022289276123,0.6180155873298645,0,-0.01502453163266182,-0.6206721067428589,0.7839260101318359,0,0,0.27194899320602417,0,1
K0.070,0.9942054748535156,0.07785054296255112,0.07412368804216385,0,-0.09093141555786133,0.9768399596214294,0.19368970394134521,0,-0.057328127324581146,-0.19930753111839294,0.9782586693763733,0,0.007974331267178059,1.0073179006576538,-0.053077779710292816,1,0.9933757185935974,-0.05643531307578087,-0.10009545087814331,0,0.06616857647895813,0.9931076169013977,0.09674683958292007,0,0.09394555538892746,-0.10272908210754395,0.9902626872062683,0,0,0.08873499929904938,-0.003043999895453453,1,0.9990702867507935,-0.004924077540636063,-0.0428406186401844,0,0.005429495591670275,0.9999169111251831,0.011689350940287113,0,0.04277949035167694,-0.01191108301281929,0.9990137815475464,0,0,0.10358499735593796,0,1,0.9990708827972412,-0.005627840757369995,-0.04272870346903801,0,0.006134867202490568,0.9999125599861145,0.011744285933673382,0,0.042658835649490356,-0.011995499022305012,0.9990172386169434,0,0,0.1183829978108406,0,1,0.9999576210975647,0.007607023231685162,0.00525315199047327,0,-0.007714148610830307,0.9997566938400269,0.02068273164331913,0,-0.005094535183161497,-0.02072235941886902,0.9997720122337341,0,0,0.13318100571632385,0,1,0.993100643157959,-0.033730410039424896,0.1123112291097641,0,0.06181039288640022,0.9644601345062256,-0.2568959891796112,0,-0.09965448826551437,0.262065589427948,0.9598908424377441,0,0,0.11284200102090836,0.028209000825881958,1,-0.22536201775074005,0.053843580186367035,-0.9727858304977417,0,0.919935405254364,-0.3170357346534729,-0.23066626489162445,0,-0.320827841758728,-0.9468835592269897,0.021915258839726448,0,0.05356400087475777,0.11750900000333786,-0.0008880000095814466,1,0.23143236339092255,0.6753971576690674,-0.7001981139183044,0,0.132488414645195,0.6911516785621643,0.7104617357254028,0,0.9637872576713562,-0.25719207525253296,0.07047257572412491,0,0,0.10648400336503983,0,1,0.3741682469844818,0.7388648986816406,0.5604248046875,0,-0.5077124834060669,0.6689203381538391,-0.5429307818412781,0,-0.7760321497917175,-0.08138718456029892,0.6254198551177979,0,0,0.3087559938430786,0,1,0.9810981154441833,0.1783134639263153,0.0751732662320137,0,-0.19236032664775848,0.940977931022644,0.2784942090511322,0,-0.021077092736959457,-0.28769025206565857,0.9574912190437317,0,0,0.23405499756336212,0,1,-0.9761789441108704,0.14397968351840973,-0.16230899095535278,0,0.10192529112100601,0.9647169709205627,0.2427610456943512,0,0.19153499603271484,0.22043494880199432,-0.9564119577407837,0,0,0.06599000096321106,0,1,0.9379850625991821,0.30663082003593445,-0.16174902021884918,0,-0.3191111981868744,0.9459900259971619,-0.057198673486709595,0,0.13547398149967194,0.10526733845472336,0.9851729869842529,0,0,0.04309700056910515,0,1,0.6322411298751831,0.20744189620018005,-0.7464848756790161,0,-0.47421109676361084,0.8655449151992798,-0.16110901534557343,0,0.6126950979232788,0.4558509290218353,0.6456039547920227,0,-0.003766000038012862,0.03990999981760979,-0.05057400092482567,1,0.14275886118412018,-0.06801974773406982,0.9874169826507568,0,-0.967636227607727,-0.21933770179748535,0.12478961050510406,0,0.20808951556682587,-0.9732749462127686,-0.09713077545166016,0,-0.05356400087475777,0.11748500168323517,-0.0001880000054370612,1,0.375335693359375,-0.8003118634223938,0.4675734043121338,0,0.46143123507499695,0.5988367795944214,0.6545807123184204,0,-0.8038685321807861,-0.029934490099549294,0.5940534472465515,0,0,0.10648400336503983,0,1,0.19408218562602997,-0.900468111038208,-0.3892158567905426,0,0.5856807827949524,0.4246503710746765,-0.6903982758522034,0,0.7869622707366943,-0.09396222233772278,0.6098039746284485,0,0,0.310806006193161,0,1,0.8862097263336182,-0.29266172647476196,-0.3591405749320984,0,0.20913462340831757,0.9444409608840942,-0.2535625696182251,0,0.413394957780838,0.1496008038520813,0.898177981376648,0,0,0.2348410040140152,0,1,0.9925764799118042,0.1205873191356659,0.015847986564040184,0,-0.11766964197158813,0.9191583395004272,0.37590092420578003,0,0.030762067064642906,-0.37497517466545105,0.9265242218971252,0,0,0.04594799876213074,0,1,0.9540037512779236,0.23066817224025726,0.1914922297000885,0,-0.2876040041446686,0.5238826274871826,0.8017675876617432,0,0.08462277799844742,-0.8199628591537476,0.5661268830299377,0,0,0.052184998989105225,0,1,0.8346738219261169,0.3938485383987427,0.3849717378616333,0,-0.5219128131866455,0.7888451814651489,0.3245469331741333,0,-0.17586076259613037,-0.47181251645088196,0.8639830350875854,0,0.005311999935656786,0.059686001390218735,0.008244000375270844,1,-0.9945440292358398,0.09906987845897675,-0.03267744183540344,0,-0.09773780405521393,-0.7753934860229492,0.6238679885864258,0,0.036468666046857834,0.623658299446106,0.7808461785316467,0,0.12488999962806702,-0.04928499832749367,0.0067079998552799225,1,0.9817102551460266,0.16596020758152008,0.09328357130289078,0,0.019325608387589455,0.4005832076072693,-0.9160565733909607,0,-0.18939678370952606,0.9011048674583435,0.39004936814308167,0,0,0.4805760085582733,0,1,0.9629273414611816,-0.20460428297519684,0.175805926322937,0,-0.12792333960533142,0.22743481397628784,0.9653545022010803,0,-0.23749999701976776,-0.9520556926727295,0.19282950460910797,0,0,0.39259400963783264,0,1,0.9938456416130066,0.11072909832000732,0.0031370287761092186,0,-0.09410127252340317,0.8289844393730164,0.5512990355491638,0,0.05844426900148392,-0.5482010245323181,0.834301769733429,0,0,0.2655330002307892,0,1,-0.980871319770813,0.022034596651792526,-0.19340765476226807,0,-0.0035010683350265026,-0.9954088926315308,-0.09564945846796036,0,-0.19462727010250092,-0.09314267337322235,0.9764451384544373,0,-0.12488999962806702,-0.04928499832749367,0.004391999915242195,1,0.9854541420936584,-0.10516023635864258,0.13349348306655884,0,0.15400022268295288,0.8847656846046448,-0.43985670804977417,0,-0.07185500860214233,0.4540165662765503,0.8880904912948608,0,0,0.4809130132198334,0,1,0.9992988705635071,0.021335497498512268,-0.03077421523630619,0,0.02812546119093895,0.1149379163980484,0.992974042892456,0,0.024722719565033913,-0.9931434392929077,0.11425726860761642,0,0,0.3934980034828186,0,1,0.9926056265830994,-0.08314316719770432,-0.08843617886304855,0,0.12106838077306747,0.6257458329200745,0.7705745100975037,0,-0.008729439228773117,-0.7755833864212036,0.6311847567558289,0,0,0.27194899320602417,0,1
K0.104,0.9927099347114563,0.08569660782814026,0.08475440740585327,0,-0.10157708078622818,0.9733556509017944,0.20557396113872528,0,-0.06487920880317688,-0.21268446743488312,0.9749648571014404,0,0.009426478296518326,1.023257851600647,-0.057462260127067566,1,0.9917880296707153,-0.07411909103393555,-0.10422449558973312,0,0.08320526033639908,0.992839515209198,0.08571505546569824,0,0.09712506085634232,-0.09368317574262619,0.9908532500267029,0,0,0.08873499929904938,-0.003043999895453453,1,0.9988730549812317,-0.012656101025640965,-0.0457429364323616,0,0.012971226125955582,0.9998944401741028,0.00659868773072958,0,0.04565456882119179,-0.007184589747339487,0.9989312887191772,0,0,0.10358499735593796,0,1,0.998869776725769,-0.013406315818428993,-0.04559694230556488,0,0.013717401772737503,0.9998847842216492,0.006516344845294952,0,0.04550434276461601,-0.007134453393518925,0.9989389181137085,0,0,0.1183829978108406,0,1,0.9998421669006348,0.01721913367509842,0.004399746656417847,0,-0.017293868586421013,0.9996962547302246,0.01755465939640999,0,-0.004096135031431913,-0.017627980560064316,0.9998364448547363,0,0,0.13318100571632385,0,1,0.9927182197570801,-0.017753468826413155,0.11914722621440887,0,0.04881017655134201,0.9635308980941772,-0.2631092071533203,0,-0.11013082414865494,0.2670086622238159,0.9573802947998047,0,0,0.11284200102090836,0.028209000825881958,1,-0.2895163297653198,0.05635788291692734,-0.9555128216743469,0,0.9037448167800903,-0.3127609193325043,-0.2922780513763428,0,-0.3153189718723297,-0.9481582045555115,0.03961623087525368,0,0.05356400087475777,0.11750900000333786,-0.0008880000095814466,1,0.24553823471069336,0.655988335609436,-0.7137157320976257,0,0.15413877367973328,0.7004678845405579,0.6968401670455933,0,0.957054078578949,-0.2811122238636017,0.07087839394807816,0,0,0.10648400336503983,0,1,0.3372122049331665,0.7841842770576477,0.5209052562713623,0,-0.5388537049293518,0.6144862771034241,-0.576232373714447,0,-0.7719618082046509,-0.08637908846139908,0.6297731399536133,0,0,0.3087559938430786,0,1,0.989837110042572,0.1399877965450287,0.025003565475344658,0,-0.14078781008720398,0.939970076084137,0.3108621835708618,0,0.020014317706227303,-0.31122326850891113,0.9501262903213501,0,0,0.23405499756336212,0,1,-0.9761789441108704,0.14397968351840973,-0.16230899095535278,0,0.10192529112100601,0.9647169709205627,0.2427610456943512,0,0.19153499603271484,0.22043494880199432,-0.9564119577407837,0,0,0.06599000096321106,0,1,0.9379850625991821,0.30663082003593445,-0.16174902021884918,0,-0.3191111981868744,0.9459900259971619,-0.057198673486709595,0,0.13547398149967194,0.10526733845472336,0.9851729869842529,0,0,0.04309700056910515,0,1,0.6322408318519592,0.20744189620018005,-0.7464851140975952,0,-0.47421109676361084,0.8655449151992798,-0.1611088067293167,0,0.6126957535743713,0.45585113763809204,0.6456040740013123,0,-0.003766000038012862,0.03990999981760979,-0.05057400092482567,1,0.16745707392692566,-0.08028973639011383,0.9826043248176575,0,-0.9668887853622437,-0.2080574929714203,0.14777815341949463,0,0.19257305562496185,-0.9748151898384094,-0.11247187852859497,0,-0.05356400087475777,0.11748500168323517,-0.0001880000054370612,1,0.30984190106391907,-0.786933422088623,0.5336036682128906,0,0.45894601941108704,0.6152970790863037,0.6409198045730591,0,-0.8326866030693054,0.04631150886416435,0.5518051385879517,0,0,0.10648400336503983,0,1,0.11393243819475174,-0.9487629532814026,-0.2947348952293396,0,0.6170926094055176,0.30007994174957275,-0.7274261116981506,0,0.7785986661911011,-0.09900128841400146,0.6196631789207458,0,0,0.310806006193161,0,1,0.8700524568557739,-0.33839890360832214,-0.35846182703971863,0,0.20319294929504395,0.9087018370628357,-0.3646557629108429,0,0.44913390278816223,0.24443267285823822,0.8593782782554626,0,0,0.2348410040140152,0,1,0.9909561276435852,0.13250423967838287,0.02116207964718342,0,-0.1285856068134308,0.8926539421081543,0.4320116341114044,0,0.03835298493504524,-0.4308260381221771,0.9016196727752686,0,0,0.04594799876213074,0,1,0.9520911574363708,0.23095431923866272,0.20045706629753113,0,-0.291804701089859,0.4899589717388153,0.8214554190635681,0,0.09150293469429016,-0.8405948877334595,0.533879280090332,0,0,0.052184998989105225,0,1,0.8202513456344604,0.36639896035194397,0.4392484128475189,0,-0.5446654558181763,0.7348655462265015,0.40411898493766785,0,-0.17471981048583984,-0.5707228183746338,0.8023396134376526,0,0.005311999935656786,0.059686001390218735,0.008244000375270844,1,-0.9929720759391785,0.11194894462823868,-0.038403838872909546,0,-0.11069163680076599,-0.7635945081710815,0.6361371278762817,0,0.04188990220427513,0.635917067527771,0.7706194519996643,0,0.12488999962806702,-0.04928499832749367,0.0067079998552799225,1,0.9815472960472107,0.1289128065109253,0.14123442769050598,0,0.023840205743908882,0.6503298878669739,-0.7592776417732239,0,-0.1897294521331787,0.7486333847045898,0.635255753993988,0,0,0.4805760085582733,0,1,0.9572652578353882,-0.1902121603488922,0.21785782277584076,0,-0.15947794914245605,0.2812376916408539,0.9462940692901611,0,-0.24126645922660828,-0.9405979514122009,0.23888444900512695,0,0,0.39259400963783264,0,1,0.9925107955932617,0.11838741600513458,-0.030119601637125015,0,-0.09439075738191605,0.8997387886047363,0.4260980188846588,0,0.07754442095756531,-0.42006388306617737,0.9041752219200134,0,0,0.2655330002307892,0,1,-0.9761922359466553,0.056300897151231766,-0.20947174727916718,0,-0.03778659179806709,-0.9951004981994629,-0.09136350452899933,0,-0.21358922123908997,-0.08127310127019882,0.9735365509986877,0,-0.12488999962806702,-0.04928499832749367,0.004391999915242195,1,0.988993227481842,-0.10847771167755127,0.10062103718519211,0,0.14503143727779388,0.8453625440597534,-0.5141283273696899,0,-0.029289787635207176,0.5230627059936523,0.8517906665802002,0,0,0.4809130132198334,0,1,0.9963268041610718,0.0739656314253807,-0.04314149171113968,0,0.015226075425744057,0.342761754989624,0.9392984509468079,0,0.08426309376955032,-0.9365054965019226,0.34037667512893677,0,0,0.3934980034828186,0,1,0.9925656318664551,-0.024138081818819046,-0.11929503083229065,0,0.12026473134756088,0.34523245692253113,0.9307796359062195,0,0.01871727965772152,-0.9382068514823914,0.34556880593299866,0,0,0.27194899320602417,0,1
K0.139,0.9940806031227112,0.08127649128437042,0.07209665328264236,0,-0.09516264498233795,0.9715529680252075,0.2168605625629425,0,-0.05242004990577698,-0.2224377691745758,0.9735363721847534,0,0.00792611576616764,1.037815809249878,-0.056488506495952606,1,0.9922486543655396,-0.07655499875545502,-0.09788583964109421,0,0.0831611230969429,0.9943955540657043,0.06528578698635101,0,0.09233925491571426,-0.07291999459266663,0.9930535554885864,0,0,0.08873499929904938,-0.003043999895453453,1,0.9989374279975891,-0.014262944459915161,-0.043829649686813354,0,0.014841105788946152,0.9998070597648621,0.01289407815784216,0,0.04363727197051048,-0.013530852273106575,0.998956024646759,0,0,0.10358499735593796,0,1,0.9989336133003235,-0.014678733423352242,-0.043773967772722244,0,0.015249361284077168,0.9998023509979248,0.012730549089610577,0,0.04357847943902016,-0.013384507037699223,0.9989606738090515,0,0,0.1183829978108406,0,1,0.9996443390846252,0.02650034800171852,0.003096548607572913,0,-0.026545042172074318,0.9995291233062744,0.015414691530168056,0,-0.0026865946128964424,-0.01549139991402626,0.9998766183853149,0,0,0.13318100571632385,0,1,0.9924452304840088,-0.0015337493969127536,0.12267965823411942,0,0.03586694970726967,0.9598668813705444,-0.2781536281108856,0,-0.11732948571443558,0.28045231103897095,0.9526700973510742,0,0,0.11284200102090836,0.028209000825881958,1,-0.32883110642433167,0.058030057698488235,-0.9426040649414062,0,0.891181230545044,-0.31122612953186035,-0.3300521969795227,0,-0.31251606345176697,-0.9485628008842468,0.050625499337911606,0,0.05356400087475777,0.11750900000333786,-0.0008880000095814466,1,0.2534601390361786,0.6425211429595947,-0.723135769367218,0,0.14945447444915771,0.7125601768493652,0.6855086088180542,0,0.9557307958602905,-0.2818247675895691,0.08457787334918976,0,0,0.10648400336503983,0,1,0.3002611994743347,0.8234719634056091,0.4813905358314514,0,-0.5658499002456665,0.5600588917732239,-0.6051012277603149,0,-0.7678911685943604,-0.09070643037557602,0.6341256499290466,0,0,0.3087559938430786,0,1,0.9909457564353943,0.13420838117599487,0.003801952814683318,0,-0.12847882509231567,0.9396584630012512,0.31707435846328735,0,0.038981497287750244,-0.3146919310092926,0.9483933448791504,0,0,0.23405499756336212,0,1,-0.9761789441108704,0.14397968351840973,-0.16230899095535278,0,0.10192529112100601,0.9647169709205627,0.2427610456943512,0,0.19153499603271484,0.22043494880199432,-0.9564119577407837,0,0,0.06599000096321106,0,1,0.9379850029945374,0.3066307008266449,-0.161749005317688,0,-0.3191111087799072,0.9459900259971619,-0.05719867721199989,0,0.13547398149967194,0.10526733100414276,0.9851729869842529,0,0,0.04309700056910515,0,1,0.6322408318519592,0.20744189620018005,-0.7464851140975952,0,-0.47421109676361084,0.8655449151992798,-0.1611088067293167,0,0.6126957535743713,0.45585113763809204,0.6456040740013123,0,-0.003766000038012862,0.03990999981760979,-0.05057400092482567,1,0.18986758589744568,-0.08720669150352478,0.9779289364814758,0,-0.9642802476882935,-0.2039395123720169,0.16903142631053925,0,0.1846977323293686,-0.9750916361808777,-0.12281329929828644,0,-0.05356400087475777,0.11748500168323517,-0.0001880000054370612,1,0.248737633228302,-0.758368194103241,0.6025007367134094,0,0.4412439465522766,0.6424760818481445,0.6265212297439575,0,-0.8622262477874756,0.11001036316156387,0.4944334328174591,0,0,0.10648400336503983,0,1,0.021898774430155754,-0.982258677482605,-0.18624648451805115,0,0.6388790011405945,0.15704061090946198,-0.7531086206436157,0,0.7689956426620483,-0.10249679535627365,0.6309833526611328,0,0,0.310806006193161,0,1,0.8720971941947937,-0.3814522922039032,-0.30649715662002563,0,0.2171233594417572,0.8629719018936157,-0.4562194049358368,0,0.4385247230529785,0.331320196390152,0.8354181051254272,0,0,0.2348410040140152,0,1,0.9895943999290466,0.1415524035692215,0.02581753209233284,0,-0.13675557076931,0.8694906830787659,0.47464078664779663,0,0.044738445430994034,-0.473232626914978,0.8798012733459473,0,0,0.04594799876213074,0,1,0.9506296515464783,0.23092754185199738,0.2073064148426056,0,-0.2948216497898102,0.46353018283843994,0.8355956077575684,0,0.09686923772096634,-0.8554602265357971,0.5087278485298157,0,0,0.052184998989105225,0,1,0.8098568320274353,0.34267643094062805,0.47613510489463806,0,-0.560859739780426,0.6902086138725281,0.457218736410141,0,-0.17195448279380798,-0.6373268365859985,0.7511637210845947,0,0.005311999935656786,0.059686001390218735,0.008244000375270844,1,-0.9923250079154968,0.11644819378852844,-0.04161785915493965,0,-0.11790449917316437,-0.7894435524940491,0.6023929119110107,0,0.037292610853910446,0.6026763319969177,0.7971140742301941,0,0.12488999962806702,-0.04928499832749367,0.0067079998552799225,1,0.9820387959480286,0.08732256293296814,0.1672547459602356,0,0.006627102382481098,0.8699453473091125,-0.49310362339019775,0,-0.18856167793273926,0.48535558581352234,0.8537418246269226,0,0,0.4805760085582733,0,1,0.9539659023284912,-0.19460174441337585,0.228207066655159,0,-0.14374859631061554,0.3711310625076294,0.9173861742019653,0,-0.2632198631763458,-0.9079601764678955,0.3260728716850281,0,0,0.39259400963783264,0,1,0.9946264028549194,0.10353054851293564,-0.0004972550086677074,0,-0.09588241577148438,0.9229407906532288,0.3728086054325104,0,0.039056017994880676,-0.3707576394081116,0.9279080629348755,0,0,0.2655330002307892,0,1,-0.9771308302879333,0.06444735825061798,-0.20264039933681488,0,-0.032946765422821045,-0.9873422384262085,-0.15514327585697174,0,-0.21007394790649414,-0.14491888880729675,0.9668854475021362,0,-0.12488999962806702,-0.04928499832749367,0.004391999915242195,1,0.9881430268287659,-0.13951332867145538,0.06410866230726242,0,0.15318898856639862,0.8677104711532593,-0.4728762209415436,0,0.010344778187572956,0.4770897328853607,0.8787932991981506,0,0,0.4809130132198334,0,1,0.9806535840034485,0.17611128091812134,-0.08545762300491333,0,-0.024339137598872185,0.5428757071495056,0.8394601345062256,0,0.19423124194145203,-0.8211394548416138,0.536659300327301,0,0,0.3934980034828186,0,1,0.9938284158706665,-0.024486005306243896,-0.10819031298160553,0,0.11026250571012497,0.32463380694389343,0.9393911957740784,0,0.012120296247303486,-0.9455229043960571,0.3253301680088043,0,0,0.27194899320602417,0,1
