2.600,30,77,41
B0,mixamorig_Hips,-1,0.9459450244903564,-0.06007999926805496,0.31871500611305237,0,-0.005733999889343977,0.9794409871101379,0.2016499936580658,0,-0.32427799701690674,-0.19257700443267822,0.9261519908905029,0,0.009681999683380127,0.7505090236663818,-0.02177399955689907,1
B1,mixamorig_Spine,0,0.9994310140609741,0.031700000166893005,0.011560999788343906,0,-0.03122599981725216,0.9987480044364929,-0.039087001234292984,0,-0.012784999795258045,0.038704000413417816,0.9991689920425415,0,0,0.1048789992928505,-0.00846800021827221,1
B2,mixamorig_Spine1,1,0.9994580149650574,0.02092600055038929,0.025412000715732574,0,-0.0240470003336668,0.9912949800491333,0.1294430047273636,0,-0.022482000291347504,-0.12998400628566742,0.9912610054016113,0,0,0.12275700271129608,0,1
B3,mixamorig_Spine2,2,0.9994840025901794,0.021844999864697456,0.02353999949991703,0,-0.0247189998626709,0.9912499785423279,0.12966200709342957,0,-0.02050199918448925,-0.13017700612545013,0.9912790060043335,0,0,0.14029400050640106,0,1
B4,mixamorig_Neck,3,0.9974240064620972,-0.04290499910712242,-0.057489000260829926,0,0.04160600155591965,0.9988549947738647,-0.02360299974679947,0,0.05843599885702133,0.021150000393390656,0.9980670213699341,0,0,0.15783099830150604,0,1
B5,mixamorig_Head,4,0.9677609801292419,-0.11626400053501129,-0.22342999279499054,0,0.02064099907875061,0.9207119941711426,-0.38969698548316956,0,0.25102299451828003,0.3725210130214691,0.8934289813041687,0,0,0.12161500006914139,0.04599099978804588,1
B6,mixamorig_HeadTop_End,5,1,0,0,0,0,1,0,0,0,0,1,0,0,0.40285199880599976,0.15234699845314026,1
B7,mixamorig_LeftShoulder,3,-0.12477099895477295,0.005760000087320805,-0.9921690225601196,0,0.9707540273666382,-0.20601199567317963,-0.12327399849891663,0,-0.20510900020599365,-0.9785330295562744,0.02011300064623356,0,0.05946800112724304,0.139056995511055,-0.0026279999874532223,1
B8,mixamorig_LeftArm,7,0.9443939924240112,0.32414498925209045,0.05522200092673302,0,-0.23448200523853302,0.5461570024490356,0.8041960000991821,0,0.2305160015821457,-0.7724270224571228,0.5917930006980896,0,0,0.1261260062456131,0,1
B9,mixamorig_LeftForeArm,8,0.10756800323724747,0.9903929829597473,0.08689600229263306,0,-0.9915189743041992,0.10045699775218964,0.08245199918746948,0,0.0729300007224083,-0.09502899646759033,0.9927989840507507,0,0,0.2891539931297302,0,1
B10,mixamorig_LeftHand,9,0.6857410073280334,-0.17854100465774536,-0.705606997013092,0,-0.19295500218868256,0.8901659846305847,-0.41276299953460693,0,0.7018030285835266,0.41919898986816406,0.5759729743003845,0,0,0.3011240065097809,0,1
B11,mixamorig_LeftHandThumb1,10,0.9383190274238586,0.3360159993171692,-0.08154900372028351,0,-0.3087100088596344,0.9203460216522217,0.24012599885463715,0,0.15573899447917938,-0.20013999938964844,0.9673100113868713,0,-0.03675299882888794,0.039733998477458954,0,1
B12,mixamorig_LeftHandThumb2,11,0.9568129777908325,0.29051899909973145,-0.010350000113248825,0,-0.2884109914302826,0.9531289935112,0.09145600348711014,0,0.03643399849534035,-0.08452200144529343,0.9957550168037415,0,-0.008639000356197357,0.04242999851703644,0,1
B13,mixamorig_LeftHandThumb3,12,0.8924210071563721,-0.41729599237442017,0.17160500586032867,0,0.3692399859428406,0.8940110206604004,0.2537820041179657,0,-0.259319007396698,-0.16311700642108917,0.9519169926643372,0,0.0020920000970363617,0.029895000159740448,0,1
B14,mixamorig_LeftHandThumb4,13,1,0,0,0,0,1,0,0,0,0,1,0,0.006546999793499708,0.020431999117136,0,1
B15,mixamorig_LeftHandIndex1,10,0.959496021270752,0.20382699370384216,0.19447700679302216,0,-0.2306870073080063,0.9646949768066406,0.12707200646400452,0,-0.1617099940776825,-0.1667879968881607,0.9726420044898987,0,0,0.07330600172281265,0,1
B16,mixamorig_LeftHandIndex2,15,0.9986460208892822,0.05111899971961975,0.009646999649703503,0,-0.051329001784324646,0.9381200075149536,0.3424839973449707,0,0.008457999676465988,-0.3425160050392151,0.9394739866256714,0,-0.0002859999949578196,0.04616599902510643,0,1
B17,mixamorig_LeftHandIndex3,16,0.9699810147285461,0.22441400587558746,0.09367399662733078,0,-0.23271000385284424,0.7447800040245056,0.625419020652771,0,0.07058700174093246,-0.6284430027008057,0.774645984172821,0,-0.0012700000079348683,0.03544500097632408,0,1
B18,mixamorig_LeftHandIndex4,17,1,0,0,0,0,1,0,0,0,0,1,0,0.0015569999814033508,0.02803800068795681,0,1
B19,mixamorig_RightShoulder,3,0.07959000021219254,-0.028752999380230904,0.996412992477417,0,-0.9753909707069397,-0.20843200385570526,0.0718970000743866,0,0.2056169956922531,-0.9776139855384827,-0.04463399946689606,0,-0.05946800112724304,0.1388780027627945,-0.0004189999890513718,1
B20,mixamorig_RightArm,19,0.9427469968795776,-0.26793399453163147,-0.19859400391578674,0,0.3037570118904114,0.4439670145511627,0.842985987663269,0,-0.13769599795341492,-0.8550469875335693,0.49993500113487244,0,0,0.1261260062456131,0,1
B21,mixamorig_RightForeArm,20,0.031679000705480576,-0.9986180067062378,-0.04193999990820885,0,0.9990090131759644,0.030323000624775887,0.03259199857711792,0,-0.031275998800992966,-0.042931001633405685,0.9985880255699158,0,0,0.2885870039463043,0,1
B22,mixamorig_RightHand,21,0.5959799885749817,-0.1310030072927475,0.7922409772872925,0,0.10620400309562683,0.9907950162887573,0.08394099771976471,0,-0.7959449887275696,0.03411199897527695,0.604407012462616,0,0,0.3011229932308197,0,1
B23,mixamorig_RightHandThumb1,22,0.6591029763221741,-0.7386130094528198,0.14154000580310822,0,0.7477449774742126,0.6235030293464661,-0.228302001953125,0,0.08037599921226501,0.25630998611450195,0.9632470011711121,0,0.021580999717116356,0.04083599895238876,0,1
B24,mixamorig_RightHandThumb2,23,0.5626450181007385,0.8266839981079102,-0.004970999900251627,0,-0.8016149997711182,0.5470330119132996,0.24118399620056152,0,0.20210200548171997,-0.13171599805355072,0.9704669713973999,0,-0.00020900000527035445,0.0369499996304512,0,1
B25,mixamorig_RightHandThumb3,24,0.7030389904975891,-0.7093440294265747,0.050675999373197556,0,0.706758975982666,0.6890119910240173,-0.16047999262809753,0,0.07891900092363358,0.1486389935016632,0.9857370257377625,0,0.006146000232547522,0.03344700112938881,0,1
B26,mixamorig_RightHandThumb4,25,1,0,0,0,0,1,0,0,0,0,1,0,-0.005936000030487776,0.029539000242948532,0,1
B27,mixamorig_RightHandIndex1,22,0.9788950085639954,0.1846179962158203,-0.08764299750328064,0,-0.20261800289154053,0.9327049851417542,-0.2983419895172119,0,0.026666000485420227,0.3098039925098419,0.9504259824752808,0,0,0.05239399895071983,0,1
B28,mixamorig_RightHandIndex2,27,0.9893820285797119,-0.13567200303077698,-0.05211399868130684,0,0.13407400250434875,0.7136170268058777,0.6875860095024109,0,-0.05609700083732605,-0.6872730255126953,0.7242299914360046,0,-0.0001539999939268455,0.05113700032234192,0,1
B29,mixamorig_RightHandIndex3,28,0.9948959946632385,-0.10020200163125992,-0.011865999549627304,0,0.10087600350379944,0.9851009845733643,0.13928399980068207,0,-0.002268000040203333,-0.1397700011730194,0.990181028842926,0,0.0013310000067576766,0.04454199969768524,0,1
B30,mixamorig_RightHandIndex4,29,1,0,0,0,0,1,0,0,0,0,1,0,-0.0011769999982789159,0.03077000007033348,0,1
B31,mixamorig_LeftUpLeg,0,-0.8998479843139648,-0.2175299972295761,0.37809300422668457,0,0.4191550016403198,-0.6711670160293579,0.6114280223846436,0,0.1207600012421608,0.7086719870567322,0.695127010345459,0,0.11794199794530869,-0.058329999446868896,0.014361999928951263,1
B32,mixamorig_LeftLeg,31,0.9887530207633972,0.1437460035085678,0.04128500074148178,0,-0.05196300148963928,0.5890390276908875,-0.8064320087432861,0,-0.14023900032043457,0.795216977596283,0.5898839831352234,0,0,0.37615400552749634,0,1
B33,mixamorig_LeftFoot,32,0.9107289910316467,-0.32199999690055847,-0.2586280107498169,0,0.34365400671958923,0.2434930056333542,0.9069799780845642,0,-0.22907300293445587,-0.9148920178413391,0.332412987947464,0,0,0.312406986951828,0,1
B34,mixamorig_LeftToeBase,33,0.9905970096588135,0.002010999945923686,-0.13680100440979004,0,0.07673700153827667,0.8196399807929993,0.5677170157432556,0,0.11326900124549866,-0.5728759765625,0.8117780089378357,0,0,0.1411529928445816,0,1
B35,mixamorig_LeftToe_End,34,1,0,0,0,0,1,0,0,0,0,1,0,0,0.060509998351335526,0,1
B36,mixamorig_RightUpLeg,0,-0.9440029859542847,0.12464399635791779,-0.3054859936237335,0,-0.2790459990501404,-0.7956470251083374,0.5376600027084351,0,-0.17604300379753113,0.5927979946136475,0.7858750224113464,0,-0.11794199794530869,-0.058329999446868896,0.014223000034689903,1
B37,mixamorig_RightLeg,36,0.9853320121765137,-0.15747599303722382,-0.06573899835348129,0,0.046383000910282135,0.6178789734840393,-0.7849040031433105,0,0.16422300040721893,0.7703419923782349,0.6161199808120728,0,0,0.37613898515701294,0,1
B38,mixamorig_RightFoot,37,0.9249290227890015,0.27401500940322876,0.263480007648468,0,-0.32318100333213806,0.20187799632549286,0.9245539903640747,0,0.2001509964466095,-0.9402980208396912,0.2752789855003357,0,0,0.3120209872722626,0,1
B39,mixamorig_RightToeBase,38,0.9908589720726013,0,0.1349010020494461,0,-0.07738199830055237,0.8191189765930176,0.5683799982070923,0,-0.11050000041723251,-0.5736240148544312,0.8116310238838196,0,0,0.13944600522518158,0,1
B40,mixamorig_RightToe_End,39,1,0,0,0,0,1,0,0,0,0,1,0,0,0.059328000992536545,0,1
@34,0,1,2,3,4,5,7,8,9,10,11,12,13,15,16,17,19,20,21,22,23,24,25,27,28,29,31,32,33,34,36,37,38,39
K0,0.9459450244903564,-0.06008002907037735,0.31871530413627625,0,-0.005734024103730917,0.9794409871101379,0.20164991915225983,0,-0.32427772879600525,-0.19257709383964539,0.9261520504951477,0,0.009681999683380127,0.7505090236663818,-0.02177399955689907,1,0.9994310736656189,0.03169989958405495,0.01156071200966835,0,-0.031226102262735367,0.9987480044364929,-0.03908713534474373,0,-0.01278528943657875,0.03870387375354767,0.9991690516471863,0,0,0.1048789992928505,-0.00846800021827221,1,0.9994580149650574,0.02092636190354824,0.02541199140250683,0,-0.0240466371178627,0.9912949800491333,0.12944303452968597,0,-0.02248200960457325,-0.12998394668102264,0.9912610054016113,0,0,0.12275700271129608,0,1,0.9994840025901794,0.021845057606697083,0.02354021929204464,0,-0.024718938395380974,0.9912499785423279,0.12966197729110718,0,-0.02050177939236164,-0.13017702102661133,0.9912790060043335,0,0,0.14029400050640106,0,1,0.9974240064620972,-0.04290492832660675,-0.057489074766635895,0,0.04160607233643532,0.9988549947738647,-0.023602847009897232,0,0.05843592435121536,0.021150151267647743,0.9980670213699341,0,0,0.15783099830150604,0,1,0.9677609205245972,-0.1162639632821083,-0.2234303206205368,0,0.020641041919589043,0.9207121729850769,-0.3896966874599457,0,0.25102266669273376,0.3725213408470154,0.8934289216995239,0,0,0.12161500006914139,0.04599099978804588,1,-0.12477100640535355,0.005760016851127148,-0.9921689629554749,0,0.9707539677619934,-0.20601215958595276,-0.12327393144369125,0,-0.20510892570018768,-0.9785330891609192,0.020112760365009308,0,0.05946800112724304,0.139056995511055,-0.0026279999874532223,1,0.9443939328193665,0.32414495944976807,0.055222202092409134,0,-0.2344820201396942,0.546156644821167,0.8041961789131165,0,0.23051618039608002,-0.7724267244338989,0.5917932391166687,0,0,0.1261260062456131,0,1,0.1075684130191803,0.9903928637504578,0.0868966355919838,0,-0.9915189743041992,0.10045640915632248,0.08245211094617844,0,0.07293063402175903,-0.09502888470888138,0.9927989840507507,0,0,0.2891539931297302,0,1,0.6857408881187439,-0.17854110896587372,-0.7056070566177368,0,-0.1929551064968109,0.8901660442352295,-0.41276293992996216,0,0.7018029093742371,0.4191991090774536,0.5759730935096741,0,0,0.3011240065097809,0,1,0.9383191466331482,0.3360157310962677,-0.0815487653017044,0,-0.3087102472782135,0.9203459620475769,0.24012602865695953,0,0.15573923289775848,-0.20013996958732605,0.9673099517822266,0,-0.03675299882888794,0.039733998477458954,0,1,0.9568130373954773,0.29051893949508667,-0.010349650867283344,0,-0.28841108083724976,0.9531289339065552,0.0914563462138176,0,0.0364343486726284,-0.08452166616916656,0.9957550168037415,0,-0.008639000356197357,0.04242999851703644,0,1,0.8924208879470825,-0.41729629039764404,0.1716049313545227,0,0.3692397475242615,0.8940111398696899,0.2537819743156433,0,-0.25931909680366516,-0.16311706602573395,0.9519169926643372,0,0.0020920000970363617,0.029895000159740448,0,1,0.9594960808753967,0.20382694900035858,0.19447678327560425,0,-0.23068706691265106,0.9646950364112854,0.12707175314426422,0,-0.1617102175951004,-0.1667882353067398,0.9726418852806091,0,0,0.07330600172281265,0,1,0.9986459612846375,0.05111895129084587,0.009646687656641006,0,-0.05132904276251793,0.9381198883056641,0.3424842059612274,0,0.008457687683403492,-0.34251582622528076,0.9394741058349609,0,-0.0002859999949578196,0.04616599902510643,0,1,0.9699810743331909,0.22441399097442627,0.09367354959249496,0,-0.23271000385284424,0.7447801232337952,0.6254189014434814,0,0.07058655470609665,-0.6284431219100952,0.7746459245681763,0,-0.0012700000079348683,0.03544500097632408,0,1,0.07959015667438507,-0.02875242941081524,0.996412992477417,0,-0.975391149520874,-0.20843134820461273,0.07189647108316422,0,0.20561644434928894,-0.9776140451431274,-0.04463386535644531,0,-0.05946800112724304,0.1388780027627945,-0.0004189999890513718,1,0.9427469372749329,-0.26793426275253296,-0.19859381020069122,0,0.3037567734718323,0.44396692514419556,0.8429861664772034,0,-0.1376957893371582,-0.855046808719635,0.4999352693557739,0,0,0.1261260062456131,0,1,0.031679198145866394,-0.9986180663108826,-0.04193965345621109,0,0.9990090131759644,0.030322793871164322,0.032592449337244034,0,-0.03127565234899521,-0.04293055087327957,0.9985880255699158,0,0,0.2885870039463043,0,1,0.5959799289703369,-0.13100291788578033,0.7922410368919373,0,0.1062040850520134,0.9907950758934021,0.08394104242324829,0,-0.7959449887275696,0.03411204367876053,0.604407012462616,0,0,0.3011229932308197,0,1,0.6591031551361084,-0.7386128902435303,0.14154000580310822,0,0.747745156288147,0.6235029697418213,-0.2283017635345459,0,0.08037599921226501,0.25631022453308105,0.9632469415664673,0,0.021580999717116356,0.04083599895238876,0,1,0.5626449584960938,0.8266839385032654,-0.004970958456397057,0,-0.8016149401664734,0.5470331311225891,0.24118396639823914,0,0.20210205018520355,-0.1317160427570343,0.9704669713973999,0,-0.00020900000527035445,0.0369499996304512,0,1,0.7030389308929443,-0.7093439698219299,0.05067598447203636,0,0.706758975982666,0.6890120506286621,-0.1604798138141632,0,0.07891898602247238,0.14863917231559753,0.9857370257377625,0,0.006146000232547522,0.03344700112938881,0,1,0.9788949489593506,0.18461798131465912,-0.08764317631721497,0,-0.20261800289154053,0.9327048063278198,-0.2983423173427582,0,0.02666582725942135,0.30980363488197327,0.9504261016845703,0,0,0.05239399895071983,0,1,0.9893820285797119,-0.13567189872264862,-0.05211383476853371,0,0.13407409191131592,0.7136168479919434,0.6875861287117004,0,-0.056096840649843216,-0.687272846698761,0.724230170249939,0,-0.0001539999939268455,0.05113700032234192,0,1,0.9948960542678833,-0.10020167380571365,-0.011865636333823204,0,0.1008763313293457,0.9851009845733643,0.1392839550971985,0,-0.0022676370572298765,-0.1397700309753418,0.990181028842926,0,0.0013310000067576766,0.04454199969768524,0,1,-0.8998479843139648,-0.2175300121307373,0.37809324264526367,0,0.4191550314426422,-0.6711670756340027,0.6114280223846436,0,0.12075978517532349,0.7086719870567322,0.6951270699501038,0,0.11794199794530869,-0.058329999446868896,0.014361999928951263,1,0.988753080368042,0.1437458097934723,0.041284531354904175,0,-0.051963165402412415,0.5890390872955322,-0.8064319491386414,0,-0.14023946225643158,0.7952170372009277,0.5898838639259338,0,0,0.37615400552749634,0,1,0.9107288718223572,-0.32200002670288086,-0.2586284577846527,0,0.34365397691726685,0.24349303543567657,0.906980037689209,0,-0.2290734499692917,-0.9148920178413391,0.33241283893585205,0,0,0.312406986951828,0,1,0.9905970096588135,0.0020112318452447653,-0.1368008255958557,0,0.07673723250627518,0.819640040397644,0.5677170157432556,0,0.1132691502571106,-0.5728759765625,0.8117779493331909,0,0,0.1411529928445816,0,1,-0.9440030455589294,0.12464399635791779,-0.3054859936237335,0,-0.2790459990501404,-0.7956470251083374,0.5376601815223694,0,-0.17604301869869232,0.5927979350090027,0.785875141620636,0,-0.11794199794530869,-0.058329999446868896,0.014223000034689903,1,0.9853319525718689,-0.15747635066509247,-0.06573925912380219,0,0.046382658183574677,0.6178789734840393,-0.7849040031433105,0,0.16422274708747864,0.7703418731689453,0.6161201596260071,0,0,0.37613898515701294,0,1,0.9249289035797119,0.27401530742645264,0.2634800374507904,0,-0.3231807351112366,0.20187799632549286,0.9245541095733643,0,0.20015102624893188,-0.9402979612350464,0.27527913451194763,0,0,0.3120209872722626,0,1,0.9908589720726013,0,0.13490095734596252,0,-0.07738221436738968,0.8191187381744385,0.5683802366256714,0,-0.1105000302195549,-0.5736236572265625,0.8116312623023987,0,0,0.13944600522518158,0,1
K0.034,0.9481923580169678,-0.062445346266031265,0.31150099635124207,0,-0.00332861440256238,0.9784862399101257,0.20628531277179718,0,-0.3176807463169098,-0.19663487374782562,0.9275845885276794,0,0.007336287293583155,0.755033016204834,-0.022824779152870178,1,0.9995391964912415,0.029623499140143394,0.006553594022989273,0,-0.029326817020773888,0.9987086057662964,-0.04149486869573593,0,-0.0077743506990373135,0.041283536702394485,0.9991167187690735,0,0,0.1048789992928505,-0.00846800021827221,1,0.9995728135108948,0.019853325560688972,0.02143985591828823,0,-0.02242302894592285,0.9916280508041382,0.12716197967529297,0,-0.018735786899924278,-0.12758849561214447,0.9916503429412842,0,0,0.12275700271129608,0,1,0.9995846152305603,0.020697733387351036,0.02005956880748272,0,-0.02308829501271248,0.9915861487388611,0.12737645208835602,0,-0.01725436933338642,-0.1277865618467331,0.991651177406311,0,0,0.14029400050640106,0,1,0.997775137424469,-0.03780953586101532,-0.05491531640291214,0,0.03656779229640961,0.9990566372871399,-0.023443998768925667,0,0.05574987828731537,0.02138369157910347,0.9982157349586487,0,0,0.15783099830150604,0,1,0.9695774912834167,-0.11821684241294861,-0.21434465050697327,0,0.02611817792057991,0.9206138849258423,-0.3895990550518036,0,0.24338582158088684,0.37214818596839905,0.8956941366195679,0,0,0.12161500006914139,0.04599099978804588,1,-0.12210208922624588,0.005568692460656166,-0.9925019145011902,0,0.9720086455345154,-0.20156250894069672,-0.12071184813976288,0,-0.20072346925735474,-0.9794599413871765,0.01919841207563877,0,0.05946800112724304,0.139056995511055,-0.0026279999874532223,1,0.9372284412384033,0.3471558392047882,0.03295355290174484,0,-0.2313460409641266,0.5482862591743469,0.8036554455757141,0,0.2609255313873291,-0.760831892490387,0.5941821932792664,0,0,0.1261260062456131,0,1,0.12063489109277725,0.9889810085296631,0.08580925315618515,0,-0.9901060461997986,0.11362838745117188,0.08233395963907242,0,0.0716763511300087,-0.09489260613918304,0.9929035305976868,0,0,0.2891539931297302,0,1,0.6799901723861694,-0.17565947771072388,-0.7118682861328125,0,-0.19094988703727722,0.8949521780014038,-0.40323594212532043,0,0.707920491695404,0.41012778878211975,0.5750166773796082,0,0,0.3011240065097809,0,1,0.9383191466331482,0.3360157310962677,-0.0815487653017044,0,-0.3087102472782135,0.9203459620475769,0.24012602865695953,0,0.15573923289775848,-0.20013996958732605,0.9673099517822266,0,-0.03675299882888794,0.039733998477458954,0,1,0.9568130373954773,0.29051893949508667,-0.010349650867283344,0,-0.28841108083724976,0.9531289339065552,0.0914563462138176,0,0.0364343486726284,-0.08452166616916656,0.9957550168037415,0,-0.008639000356197357,0.04242999851703644,0,1,0.8924208879470825,-0.41729629039764404,0.1716049313545227,0,0.3692397475242615,0.8940111398696899,0.2537819743156433,0,-0.25931909680366516,-0.16311706602573395,0.9519169926643372,0,0.0020920000970363617,0.029895000159740448,0,1,0.9594961404800415,0.20382751524448395,0.19447676837444305,0,-0.2306874841451645,0.9646947979927063,0.12707118690013885,0,-0.1617102026939392,-0.1667877733707428,0.9726419448852539,0,0,0.07330600172281265,0,1,0.9986459612846375,0.051119353622198105,0.009647279977798462,0,-0.05132964253425598,0.9381201267242432,0.3424847722053528,0,0.00845729373395443,-0.3425162434577942,0.9394738674163818,0,-0.0002859999949578196,0.04616599902510643,0,1,0.9699810147285461,0.22441408038139343,0.09367351233959198,0,-0.23270995914936066,0.7447801232337952,0.6254178881645203,0,0.07058651745319366,-0.6284430623054504,0.774647057056427,0,-0.0012700000079348683,0.03544500097632408,0,1,0.08102870732545853,-0.03024931624531746,0.9962520599365234,0,-0.9748862981796265,-0.21043451130390167,0.07290144264698029,0,0.20744068920612335,-0.9771397113800049,-0.046540822833776474,0,-0.05946800112724304,0.1388780027627945,-0.0004189999890513718,1,0.9428789615631104,-0.27021950483322144,-0.19483624398708344,0,0.29922452569007874,0.429862916469574,0.851870059967041,0,-0.14643897116184235,-0.8615097403526306,0.48616474866867065,0,0,0.1261260062456131,0,1,0.05833898484706879,-0.9974545240402222,-0.04099370166659355,0,0.9978384971618652,0.05701935663819313,0.032655537128448486,0,-0.03023500367999077,-0.042810212820768356,0.9986257553100586,0,0,0.2885870039463043,0,1,0.5590541362762451,-0.12481064349412918,0.8196839094161987,0,0.09787750244140625,0.991627037525177,0.08423586189746857,0,-0.8233342170715332,0.03313620015978813,0.56658935546875,0,0,0.3011229932308197,0,1,0.6591038107872009,-0.7386130690574646,0.14154021441936493,0,0.7477449178695679,0.6235030889511108,-0.2283022552728653,0,0.08037623018026352,0.25631076097488403,0.9632470607757568,0,0.021580999717116356,0.04083599895238876,0,1,0.5626439452171326,0.8266840577125549,-0.00497082294896245,0,-0.8016149997711182,0.5470320582389832,0.24118393659591675,0,0.2021021842956543,-0.1317160576581955,0.9704669117927551,0,-0.00020900000527035445,0.0369499996304512,0,1,0.7030389308929443,-0.7093439698219299,0.050675973296165466,0,0.706758975982666,0.6890120506286621,-0.1604798138141632,0,0.07891900092363358,0.14863917231559753,0.9857370257377625,0,0.006146000232547522,0.03344700112938881,0,1,0.9788788557052612,0.18469484150409698,-0.08766133338212967,0,-0.2027062475681305,0.9325783252716064,-0.2986772060394287,0,0.02658691070973873,0.31013819575309753,0.9503196477890015,0,0,0.05239399895071983,0,1,0.9893891215324402,-0.13563525676727295,-0.052083518356084824,0,0.13403786718845367,0.713760495185852,0.6874444484710693,0,-0.05606652796268463,-0.6871309876441956,0.7243669033050537,0,-0.0001539999939268455,0.05113700032234192,0,1,0.9948989152908325,-0.10017980635166168,-0.011857020668685436,0,0.10085363686084747,0.9851171374320984,0.13918589055538177,0,-0.0022630600724369287,-0.1396716833114624,0.9901951551437378,0,0.0013310000067576766,0.04454199969768524,0,1,-0.8974860906600952,-0.2183682769536972,0.3831889033317566,0,0.42238783836364746,-0.6755776405334473,0.6043037176132202,0,0.1269131749868393,0.70420902967453,0.6985580921173096,0,0.11794199794530869,-0.058329999446868896,0.014361999928951263,1,0.9895481467247009,0.1355179399251938,0.04928199574351311,0,-0.04530644044280052,0.6166390180587769,-0.7859408855438232,0,-0.13689839839935303,0.7754942178726196,0.6163343191146851,0,0,0.37615400552749634,0,1,0.9151192307472229,-0.3122892379760742,-0.2550150454044342,0,0.34133240580558777,0.26343125104904175,0.9022727012634277,0,-0.2145911008119583,-0.9127318263053894,0.347665399312973,0,0,0.312406986951828,0,1,0.9906105995178223,0.0018580775940790772,-0.13669908046722412,0,0.07673878222703934,0.8199666142463684,0.5672445297241211,0,0.1131427064538002,-0.5724087357521057,0.8121252059936523,0,0,0.1411529928445816,0,1,-0.941249430179596,0.11618509143590927,-0.3170975148677826,0,-0.2767737805843353,-0.8034140467643738,0.5271829962730408,0,-0.19350984692573547,0.583975076675415,0.7883701920509338,0,-0.11794199794530869,-0.058329999446868896,0.014223000034689903,1,0.985400378704071,-0.15337899327278137,-0.07389688491821289,0,0.04187813401222229,0.6390709280967712,-0.7680070996284485,0,0.16502150893211365,0.7536998987197876,0.6361640095710754,0,0,0.37613898515701294,0,1,0.9213656783103943,0.28450652956962585,0.26484209299087524,0,-0.33036911487579346,0.2142002284526825,0.919224739074707,0,0.20479616522789001,-0.9344375729560852,0.2913488745689392,0,0,0.3120209872722626,0,1,0.9899188876152039,-0.005468748044222593,0.14152979850769043,0,-0.07710570842027664,0.8173947930335999,0.5708940625190735,0,-0.11880786716938019,-0.5760518908500671,0.808733344078064,0,0,0.13944600522518158,0,1
K0.068,0.95010906457901,-0.062410421669483185,0.3056108355522156,0,-0.003244012361392379,0.9777479767799377,0.20975640416145325,0,-0.311901330947876,-0.20028284192085266,0.9287646412849426,0,0.00476128188893199,0.7591565847396851,-0.024080587550997734,1,0.9996010065078735,0.028214117512106895,-0.0011736055603250861,0,-0.028238359838724136,0.9985874891281128,-0.045015014708042145,0,-0.00009811104246182367,0.045030172914266586,0.9989852905273438,0,0,0.1048789992928505,-0.00846800021827221,1,0.9996958374977112,0.019196121022105217,0.015474824234843254,0,-0.02096465788781643,0.99210125207901,0.12367095053195953,0,-0.012978601269423962,-0.12395787239074707,0.9922028183937073,0,0,0.12275700271129608,0,1,0.9996946454048157,0.019914619624614716,0.014603366144001484,0,-0.021571995690464973,0.9920645356178284,0.12386326491832733,0,-0.012020798400044441,-0.12414053827524185,0.9921917915344238,0,0,0.14029400050640106,0,1,0.9979248046875,-0.038032300770282745,-0.051951609551906586,0,0.03696839511394501,0.9990898966789246,-0.02128927782177925,0,0.052714020013809204,0.01932453364133835,0.9984228014945984,0,0,0.15783099830150604,0,1,0.9721949100494385,-0.11695068329572678,-0.20287735760211945,0,0.030265653505921364,0.9218460321426392,-0.386373370885849,0,0.23220829665660858,0.36948999762535095,0.8997535705566406,0,0,0.12161500006914139,0.04599099978804588,1,-0.11718108505010605,0.004792469087988138,-0.9930989146232605,0,0.9744812846183777,-0.19222290813922882,-0.11591189354658127,0,-0.19145193696022034,-0.9813395142555237,0.01785469427704811,0,0.05946800112724304,0.139056995511055,-0.0026279999874532223,1,0.9259040355682373,0.37746521830558777,0.01489066518843174,0,-0.23761722445487976,0.5513144731521606,0.7997435331344604,0,0.2936660349369049,-0.7440242767333984,0.6001567244529724,0,0,0.1261260062456131,0,1,0.12574642896652222,0.9883809089660645,0.08538441359996796,0,-0.989504873752594,0.11878105998039246,0.08228401839733124,0,0.07118592411279678,-0.09483525902032852,0.9929444789886475,0,0,0.2891539931297302,0,1,0.6570699214935303,-0.163620263338089,-0.7358588576316833,0,-0.18976181745529175,0.908823549747467,-0.37152332067489624,0,0.7295550107955933,0.3837549388408661,0.5661120414733887,0,0,0.3011240065097809,0,1,0.9383190274238586,0.3360161781311035,-0.08154871314764023,0,-0.3087107837200165,0.9203460216522217,0.2401260882616043,0,0.15573927760124207,-0.20013989508152008,0.9673099517822266,0,-0.03675299882888794,0.039733998477458954,0,1,0.9568130373954773,0.29051893949508667,-0.010349662974476814,0,-0.28841108083724976,0.9531289339065552,0.0914563462138176,0,0.0364343635737896,-0.08452166616916656,0.9957550168037415,0,-0.008639000356197357,0.04242999851703644,0,1,0.8924210667610168,-0.4172968566417694,0.17160490155220032,0,0.3692401647567749,0.8940109610557556,0.2537820041179657,0,-0.25931909680366516,-0.16311700642108917,0.9519169926643372,0,0.0020920000970363617,0.029895000159740448,0,1,0.9594960808753967,0.203827902674675,0.19447685778141022,0,-0.23068806529045105,0.9646950364112854,0.12707167863845825,0,-0.16171012818813324,-0.16678829491138458,0.9726418852806091,0,0,0.07330600172281265,0,1,0.9986459612846375,0.051119446754455566,0.00964677520096302,0,-0.05132954195141792,0.9381198883056641,0.3424842059612274,0,0.008457775227725506,-0.34251582622528076,0.9394741058349609,0,-0.0002859999949578196,0.04616599902510643,0,1,0.9699810147285461,0.2244138866662979,0.09367401897907257,0,-0.2327101081609726,0.7447798848152161,0.6254181265830994,0,0.07058602571487427,-0.6284428834915161,0.7746460437774658,0,-0.0012700000079348683,0.03544500097632408,0,1,0.09186605364084244,-0.03292519226670265,0.9952263832092285,0,-0.9747793078422546,-0.20711341500282288,0.08312667906284332,0,0.20338775217533112,-0.9777624607086182,-0.051121462136507034,0,-0.05946800112724304,0.1388780027627945,-0.0004189999890513718,1,0.9441121220588684,-0.2660931646823883,-0.19454236328601837,0,0.29601413011550903,0.42479100823402405,0.8555284738540649,0,-0.14501038193702698,-0.865301787853241,0.4798175096511841,0,0,0.1261260062456131,0,1,0.09998486936092377,-0.9941988587379456,-0.03965305909514427,0,0.9945833086967468,0.0987262949347496,0.03252500668168068,0,-0.028421515598893166,-0.04269026219844818,0.9986843466758728,0,0,0.2885870039463043,0,1,0.5092377066612244,-0.11700526624917984,0.8526349067687988,0,0.08766914159059525,0.9926139712333679,0.08385375142097473,0,-0.8561487197875977,0.03204827755689621,0.5157342553138733,0,0,0.3011229932308197,0,1,0.6591030955314636,-0.7386128902435303,0.14154024422168732,0,0.747745156288147,0.623502790927887,-0.2283022254705429,0,0.08037624508142471,0.2563107907772064,0.9632470607757568,0,0.021580999717116356,0.04083599895238876,0,1,0.5626439452171326,0.8266840577125549,-0.00497082993388176,0,-0.8016149997711182,0.5470320582389832,0.24118392169475555,0,0.2021021842956543,-0.1317160427570343,0.9704669117927551,0,-0.00020900000527035445,0.0369499996304512,0,1,0.7030389308929443,-0.7093431353569031,0.05067488178610802,0,0.7067588567733765,0.6890130639076233,-0.16048026084899902,0,0.07891988009214401,0.14863872528076172,0.9857370853424072,0,0.006146000232547522,0.03344700112938881,0,1,0.9788655042648315,0.18475478887557983,-0.08767539262771606,0,-0.2027752548456192,0.932478666305542,-0.29894137382507324,0,0.026524605229496956,0.3104020357131958,0.9502356648445129,0,0,0.05239399895071983,0,1,0.9893940091133118,-0.1356080323457718,-0.0520600862801075,0,0.13401064276695251,0.7138707637786865,0.6873350739479065,0,-0.05604397505521774,-0.6870216131210327,0.7244721055030823,0,-0.0001539999939268455,0.05113700032234192,0,1,0.994900643825531,-0.10016251355409622,-0.011850696057081223,0,0.10083577781915665,0.9851294159889221,0.13910959661006927,0,-0.002259096596390009,-0.13959519565105438,0.990205705165863,0,0.0013310000067576766,0.04454199969768524,0,1,-0.8950110673904419,-0.21456022560596466,0.39104804396629333,0,0.4242187440395355,-0.6803407073020935,0.5976412296295166,0,0.137815922498703,0.7007856369018555,0.6999331712722778,0,0.11794199794530869,-0.058329999446868896,0.014361999928951263,1,0.989778995513916,0.1309976726770401,0.056373003870248795,0,-0.04136763513088226,0.6420156359672546,-0.7655746340751648,0,-0.13648079335689545,0.7554174065589905,0.6408723592758179,0,0,0.37615400552749634,0,1,0.9183328151702881,-0.3030003011226654,-0.25466737151145935,0,0.34274786710739136,0.2869640588760376,0.8945251703262329,0,-0.19796110689640045,-0.9087589383125305,0.36738139390945435,0,0,0.312406986951828,0,1,0.9905726313591003,0.0022702126298099756,-0.1369723230600357,0,0.07673505693674088,0.8190848231315613,0.5685173869132996,0,0.1134825050830841,-0.5736678242683411,0.8111880421638489,0,0,0.1411529928445816,0,1,-0.937286913394928,0.10990894585847855,-0.33077728748321533,0,-0.2775905430316925,-0.8092983365058899,0.5176680684089661,0,-0.21080102026462555,0.5770237445831299,0.7890537977218628,0,-0.11794199794530869,-0.058329999446868896,0.014223000034689903,1,0.986033022403717,-0.1462618112564087,-0.0796700119972229,0,0.03652263805270195,0.6565850377082825,-0.7533673644065857,0,0.16249889135360718,0.7399347424507141,0.6527559161186218,0,0,0.37613898515701294,0,1,0.9195217490196228,0.28856948018074036,0.26684802770614624,0,-0.33525535464286804,0.22149315476417542,0.9157213568687439,0,0.20514415204524994,-0.9314876198768616,0.3004121482372284,0,0,0.3120209872722626,0,1,0.9891353845596313,-0.009721807204186916,0.14668728411197662,0,-0.07691929489374161,0.8161014318466187,0.5727666020393372,0,-0.12528006732463837,-0.5778269171714783,0.8064872622489929,0,0,0.13944600522518158,0,1
K0.101,0.9506499171257019,-0.060401517897844315,0.30433061718940735,0,-0.004598184023052454,0.9780167937278748,0.2084738165140152,0,-0.31023260951042175,-0.19958500564098358,0.9294739365577698,0,0.0011901950929313898,0.7630483508110046,-0.026337038725614548,1,0.9995067715644836,0.029344065114855766,-0.011177602224051952,0,-0.02986670657992363,0.9983081221580505,-0.04988156259059906,0,0.009694963693618774,0.05019080266356468,0.9986922144889832,0,0,0.1048789992928505,-0.00846800021827221,1,0.9997774958610535,0.019464442506432533,0.008160010911524296,0,-0.020297307521104813,0.9926944971084595,0.11893942952156067,0,-0.005785307381302118,-0.11907856166362762,0.9928684830665588,0,0,0.12275700271129608,0,1,0.9997692704200745,0.020016582682728767,0.0077255903743207455,0,-0.02079452946782112,0.9926674365997314,0.11907432973384857,0,-0.005285483319312334,-0.11920756101608276,0.9928551316261292,0,0,0.14029400050640106,0,1,0.9973092675209045,-0.0517883263528347,-0.051895417273044586,0,0.05097898840904236,0.9985584020614624,-0.016800139099359512,0,0.05269061401486397,0.014109347015619278,0.9985108971595764,0,0,0.15783099830150604,0,1,0.974724292755127,-0.10756775736808777,-0.19581162929534912,0,0.026787085458636284,0.92640620470047,-0.37557223439216614,0,0.22180058062076569,0.36083418130874634,0.9058720469474792,0,0,0.12161500006914139,0.04599099978804588,1,-0.11452560126781464,0.004196596331894398,-0.993411660194397,0,0.976035475730896,-0.18578337132930756,-0.11330720782279968,0,-0.1850348711013794,-0.9825816750526428,0.0171809121966362,0,0.05946800112724304,0.139056995511055,-0.0026279999874532223,1,0.9110016822814941,0.4123855233192444,-0.003910594619810581,0,-0.2518162727355957,0.5637472867965698,0.7866241931915283,0,0.3265969455242157,-0.7156310081481934,0.617419958114624,0,0,0.1261260062456131,0,1,0.11766977608203888,0.9893166422843933,0.08605626970529556,0,-0.9904417395591736,0.11063934117555618,0.08236140012741089,0,0.07196033000946045,-0.09492521733045578,0.9928799271583557,0,0,0.2891539931297302,0,1,0.6261575818061829,-0.15848185122013092,-0.7634198069572449,0,-0.16845503449440002,0.9285019040107727,-0.33091893792152405,0,0.7612817287445068,0.33580946922302246,0.5546916723251343,0,0,0.3011240065097809,0,1,0.9383191466331482,0.3360157310962677,-0.0815487653017044,0,-0.3087102472782135,0.9203459620475769,0.24012602865695953,0,0.15573923289775848,-0.20013996958732605,0.9673099517822266,0,-0.03675299882888794,0.039733998477458954,0,1,0.9568129777908325,0.29051896929740906,-0.010350149124860764,0,-0.28841105103492737,0.9531289339065552,0.09145642071962357,0,0.036434851586818695,-0.0845215916633606,0.9957550764083862,0,-0.008639000356197357,0.04242999851703644,0,1,0.8924208879470825,-0.41729629039764404,0.1716049164533615,0,0.36923977732658386,0.8940111398696899,0.2537819743156433,0,-0.25931909680366516,-0.16311703622341156,0.9519169926643372,0,0.0020920000970363617,0.029895000159740448,0,1,0.9594960808753967,0.20382694900035858,0.19447678327560425,0,-0.23068706691265106,0.9646950364112854,0.12707175314426422,0,-0.1617102175951004,-0.1667882353067398,0.9726418852806091,0,0,0.07330600172281265,0,1,0.9986459612846375,0.05111946538090706,0.009646778926253319,0,-0.051329560577869415,0.9381198883056641,0.3424842059612274,0,0.008457778953015804,-0.34251582622528076,0.9394741058349609,0,-0.0002859999949578196,0.04616599902510643,0,1,0.9699810147285461,0.2244139015674591,0.09367402642965317,0,-0.2327101230621338,0.7447798848152161,0.6254181265830994,0,0.07058603316545486,-0.6284428834915161,0.7746460437774658,0,-0.0012700000079348683,0.03544500097632408,0,1,0.11976324021816254,-0.03789941594004631,0.9920789003372192,0,-0.9741905331611633,-0.1970681995153427,0.11007533222436905,0,0.19133536517620087,-0.979656457901001,-0.06052272394299507,0,-0.05946800112724304,0.1388780027627945,-0.0004189999890513718,1,0.941489040851593,-0.25845181941986084,-0.21633554995059967,0,0.3119601011276245,0.42524170875549316,0.8496177792549133,0,-0.12759040296077728,-0.8673940300941467,0.48098719120025635,0,0,0.1261260062456131,0,1,0.1935499757528305,-0.9803983569145203,-0.036849189549684525,0,0.9807963371276855,0.19243532419204712,0.031746264547109604,0,-0.02403287962079048,-0.04228601232171059,0.998816192150116,0,0,0.2885870039463043,0,1,0.44470328092575073,-0.11119716614484787,0.888748824596405,0,0.0764220654964447,0.9933557510375977,0.08604591339826584,0,-0.8924115300178528,0.02965511940419674,0.4502463638782501,0,0,0.3011229932308197,0,1,0.6591038107872009,-0.7386130690574646,0.14153999090194702,0,0.7477449178695679,0.6235032081604004,-0.22830180823802948,0,0.08037599921226501,0.25631022453308105,0.9632469415664673,0,0.021580999717116356,0.04083599895238876,0,1,0.5626448392868042,0.8266840577125549,-0.004971187561750412,0,-0.8016148209571838,0.5470329523086548,0.24118344485759735,0,0.20210181176662445,-0.1317155808210373,0.9704670906066895,0,-0.00020900000527035445,0.0369499996304512,0,1,0.7030391097068787,-0.7093439102172852,0.050674956291913986,0,0.7067591547966003,0.6890127658843994,-0.16048027575016022,0,0.078919917345047,0.1486387401819229,0.9857370853424072,0,0.006146000232547522,0.03344700112938881,0,1,0.9789759516716003,0.1842314749956131,-0.08755318075418472,0,-0.20217402279376984,0.9333385825157166,-0.2966557443141937,0,0.02706342376768589,0.3081197142601013,0.950962483882904,0,0,0.05239399895071983,0,1,0.9893497228622437,-0.13585197925567627,-0.0522652231156826,0,0.13425321877002716,0.7129074931144714,0.688287079334259,0,-0.0562448725104332,-0.6879730820655823,0.7235530614852905,0,-0.0001539999939268455,0.05113700032234192,0,1,0.9948844313621521,-0.10031183809041977,-0.011907693929970264,0,0.10099015384912491,0.9850202202796936,0.13977010548114777,0,-0.0022912791464477777,-0.1402577906847,0.9901127219200134,0,0.0013310000067576766,0.04454199969768524,0,1,-0.8918288946151733,-0.21291059255599976,0.3991372585296631,0,0.4265381097793579,-0.6896729469299316,0.5851629376411438,0,0.15068672597408295,0.6921123266220093,0.705884575843811,0,0.11794199794530869,-0.058329999446868896,0.014361999928951263,1,0.9897743463516235,0.12655684351921082,0.06580377370119095,0,-0.036176323890686035,0.6689537167549133,-0.7424235343933105,0,-0.13797837495803833,0.7324507832527161,0.6666911840438843,0,0,0.37615400552749634,0,1,0.9212920665740967,-0.29652076959609985,-0.2515881359577179,0,0.34239935874938965,0.31184735894203186,0.8862921595573425,0,-0.184347003698349,-0.9026777744293213,0.38883116841316223,0,0,0.312406986951828,0,1,0.9905209541320801,0.002819402376189828,-0.13733457028865814,0,0.076730877161026,0.8179078698158264,0.5702100396156311,0,0.11393458396196365,-0.5753422975540161,0.8099378347396851,0,0,0.1411529928445816,0,1,-0.9345909953117371,0.10651591420173645,-0.3394027650356293,0,-0.27757346630096436,-0.8150702714920044,0.5085393786430359,0,-0.2224697470664978,0.5694859027862549,0.7913239002227783,0,-0.11794199794530869,-0.058329999446868896,0.014223000034689903,1,0.9868738651275635,-0.1374058574438095,-0.08485332876443863,0,0.02961539290845394,0.670496940612793,-0.7413209676742554,0,0.15875568985939026,0.7290771007537842,0.6657650470733643,0,0,0.37613898515701294,0,1,0.9203126430511475,0.28498220443725586,0.2679722011089325,0,-0.33580970764160156,0.22420136630535126,0.9148580431938171,0,0.20063871145248413,-0.9319438934326172,0.302035391330719,0,0,0.3120209872722626,0,1,0.9894269108772278,-0.008084489963948727,0.1448085904121399,0,-0.0769842192530632,0.8169038891792297,0.5716132521629333,0,-0.12291587144136429,-0.5767173767089844,0.8076441287994385,0,0,0.13944600522518158,0,1
