2.167,30,65,41
B0,mixamorig_Hips,-1,0.5828450322151184,-0.012116989120841026,0.8124930262565613,0,-0.12245289236307144,0.9871600270271301,0.10256393253803253,0,-0.8033039569854736,-0.15927112102508545,0.5738779902458191,0,0.014347000047564507,0.6918380260467529,-0.013647999614477158,1
B1,mixamorig_Spine,0,0.9965640306472778,-0.048305731266736984,-0.0672738328576088,0,0.0514242947101593,0.997642993927002,0.045422252267599106,0,0.06492116302251816,-0.048725731670856476,0.9966999888420105,0,0,0.1048789992928505,-0.00846800021827221,1
B2,mixamorig_Spine1,1,0.9988699555397034,0.04287375137209892,-0.020526239648461342,0,-0.04242024943232536,0.9988570213317871,0.022041834890842438,0,0.02144777402281761,-0.021146178245544434,0.9995459914207458,0,0,0.12275700271129608,0,1
B3,mixamorig_Spine2,2,0.9995750188827515,0.02016168087720871,-0.021042678505182266,0,-0.02008032239973545,0.9997900128364563,0.0040706368163228035,0,0.021120332181453705,-0.0036463632714003325,0.9997699856758118,0,0,0.14029400050640106,0,1
B4,mixamorig_Neck,3,0.9850699305534363,-0.019171467050909996,-0.1710859090089798,0,0.027000606060028076,0.9986860156059265,0.0435524545609951,0,0.17002609372138977,-0.047521620988845825,0.9842929840087891,0,0,0.15783099830150604,0,1
B5,mixamorig_Head,4,0.9123839735984802,-0.11264362186193466,-0.39353108406066895,0,0.07962527871131897,0.9918659329414368,-0.09930230677127838,0,0.401515930891037,0.0592668280005455,0.9139320254325867,0,0,0.12161500006914139,0.04599099978804588,1
B6,mixamorig_HeadTop_End,5,1,0,0,0,0,1,0,0,0,0,1,0,0,0.40285199880599976,0.15234699845314026,1
B7,mixamorig_LeftShoulder,3,0.14629799127578735,-0.04992277920246124,-0.9879799485206604,0,0.9838728904724121,-0.09655947238206863,0.15056896209716797,0,-0.10291561484336853,-0.9940739870071411,0.03499123081564903,0,0.05946800112724304,0.139056995511055,-0.0026279999874532223,1
B8,mixamorig_LeftArm,7,0.974776029586792,0.2187449038028717,0.04430074617266655,0,-0.18306221067905426,0.6700788736343384,0.7193630337715149,0,0.12767186760902405,-0.709326982498169,0.6932200789451599,0,0,0.1261260062456131,0,1
B9,mixamorig_LeftForeArm,8,-0.012921021319925785,0.7958300113677979,0.6053820252418518,0,-0.9983250498771667,-0.044415008276700974,0.03707975521683693,0,0.05639723688364029,-0.603888988494873,0.795071005821228,0,0,0.2891539931297302,0,1
B10,mixamorig_LeftHand,9,0.8937659859657288,0.024926360696554184,-0.4478399455547333,0,-0.0002046066365437582,0.9984769821166992,0.05516597256064415,0,0.44853299856185913,-0.049213845282793045,0.8924099802970886,0,0,0.3011240065097809,0,1
B11,mixamorig_LeftHandThumb1,10,0.8477360010147095,0.5297409892082214,-0.026811007410287857,0,-0.4565318822860718,0.754447877407074,0.4715782701969147,0,0.270041823387146,-0.3875337541103363,0.8814161419868469,0,-0.03675299882888794,0.039733998477458954,0,1
B12,mixamorig_LeftHandThumb2,11,0.9759429693222046,-0.037342894822359085,-0.21480421721935272,0,0.05340612307190895,0.9961539506912231,0.0694681778550148,0,0.21138377487659454,-0.07926878333091736,0.9741830825805664,0,-0.008639000356197357,0.04242999851703644,0,1
B13,mixamorig_LeftHandThumb3,12,0.6855520606040955,0.4287301003932953,-0.5883959531784058,0,0.15372811257839203,0.7047370672225952,0.6926129460334778,0,0.7116081118583679,-0.5652750134468079,0.4172258973121643,0,0.0020920000970363617,0.029895000159740448,0,1
B14,mixamorig_LeftHandThumb4,13,1,0,0,0,0,1,0,0,0,0,1,0,0.006546999793499708,0.020431999117136,0,1
B15,mixamorig_LeftHandIndex1,10,0.8248909711837769,0.47079387307167053,0.3129032552242279,0,-0.4233008623123169,0.14757192134857178,0.8938901424407959,0,0.3746621310710907,-0.869813859462738,0.3210180699825287,0,0,0.07330600172281265,0,1
B16,mixamorig_LeftHandIndex2,15,0.9042519927024841,0.39007604122161865,0.1736949384212494,0,-0.33591899275779724,0.3987337350845337,0.8533291220664978,0,0.26360487937927246,-0.8299710154533386,0.49158915877342224,0,-0.0002859999949578196,0.04616599902510643,0,1
B17,mixamorig_LeftHandIndex3,16,0.890155017375946,0.3810708820819855,0.24981799721717834,0,-0.37570396065711975,0.3036039173603058,0.8755979537963867,0,0.2578189969062805,-0.8732748627662659,0.4134240746498108,0,-0.0012700000079348683,0.03544500097632408,0,1
B18,mixamorig_LeftHandIndex4,17,1,0,0,0,0,1,0,0,0,0,1,0,0.0015569999814033508,0.02803800068795681,0,1
B19,mixamorig_RightShoulder,3,-0.31827807426452637,0.12538887560367584,0.9396679401397705,0,-0.9471889138221741,-0.0829804316163063,-0.3097527325153351,0,0.039134569466114044,-0.988631010055542,0.1451779454946518,0,-0.05946800112724304,0.1388780027627945,-0.0004189999890513718,1
B20,mixamorig_RightArm,19,0.993571937084198,0.004020563326776028,0.11312616616487503,0,-0.09019551426172256,0.6319839358329773,0.7697141170501709,0,-0.0683993324637413,-0.7749709486961365,0.6282850503921509,0,0,0.1261260062456131,0,1
B21,mixamorig_RightForeArm,20,0.2694629728794098,-0.9565701484680176,-0.1111886277794838,0,0.9628240466117859,0.26533693075180054,0.05065310746431351,0,-0.0189508069306612,-0.12070433050394058,0.9925079345703125,0,0,0.2885870039463043,0,1
B22,mixamorig_RightHand,21,0.7653950452804565,-0.4881957173347473,0.41932713985443115,0,0.45787015557289124,0.8709638714790344,0.17826014757156372,0,-0.4522448480129242,0.0555579736828804,0.8901621103286743,0,0,0.3011229932308197,0,1
B23,mixamorig_RightHandThumb1,22,0.9231329560279846,-0.38257917761802673,-0.038180045783519745,0,0.2691159248352051,0.5720301866531372,0.7748269438743591,0,-0.27459287643432617,-0.7255440354347229,0.6310188174247742,0,0.021580999717116356,0.04083599895238876,0,1
B24,mixamorig_RightHandThumb2,23,0.936877965927124,0.24740584194660187,0.24708230793476105,0,-0.18713825941085815,0.9517089128494263,-0.2433708757162094,0,-0.2953617572784424,0.1817702203989029,0.9379339814186096,0,-0.00020900000527035445,0.0369499996304512,0,1
B25,mixamorig_RightHandThumb3,24,0.9651768803596497,-0.05189575254917145,-0.25639933347702026,0,0.007006313651800156,0.9849020838737488,-0.17297199368476868,0,0.2615046799182892,0.16515210270881653,0.9509680867195129,0,0.006146000232547522,0.03344700112938881,0,1
B26,mixamorig_RightHandThumb4,25,1,0,0,0,0,1,0,0,0,0,1,0,-0.005936000030487776,0.029539000242948532,0,1
B27,mixamorig_RightHandIndex1,22,0.9293489456176758,-0.26410919427871704,-0.2579859495162964,0,0.35754185914993286,0.4695858061313629,0.8072501420974731,0,-0.09205567836761475,-0.8424578905105591,0.530839204788208,0,0,0.05239399895071983,0,1
B28,mixamorig_RightHandIndex2,27,0.9086719751358032,-0.3822389841079712,-0.16795609891414642,0,0.33112189173698425,0.41473788022994995,0.8475560545921326,0,-0.2543110251426697,-0.8257639408111572,0.5034281015396118,0,-0.0001539999939268455,0.05113700032234192,0,1
B29,mixamorig_RightHandIndex3,28,0.9218829870223999,-0.34825873374938965,-0.16984419524669647,0,0.3338419497013092,0.4914186894893646,0.804398238658905,0,-0.19667422771453857,-0.7982628345489502,0.5692943334579468,0,0.0013310000067576766,0.04454199969768524,0,1
B30,mixamorig_RightHandIndex4,29,1,0,0,0,0,1,0,0,0,0,1,0,-0.0011769999982789159,0.03077000007033348,0,1
B31,mixamorig_LeftUpLeg,0,-0.6659561395645142,0.010199038311839104,0.7459210753440857,0,0.6313042044639587,-0.5250120162963867,0.5708049535751343,0,0.39743903279304504,0.8510339260101318,0.3431960642337799,0,0.11794199794530869,-0.058329999446868896,0.014361999928951263,1
B32,mixamorig_LeftLeg,31,0.9624319672584534,-0.1012398898601532,-0.2519442141056061,0,-0.1452176868915558,0.5921102166175842,-0.7926648855209351,0,0.22942790389060974,0.7994722723960876,0.5551636219024658,0,0,0.37615400552749634,0,1
B33,mixamorig_LeftFoot,32,0.9509409666061401,-0.21131500601768494,-0.22596010565757751,0,0.30142587423324585,0.4683593213558197,0.8305308818817139,0,-0.06967310607433319,-0.857896089553833,0.5090778470039368,0,0,0.312406986951828,0,1
B34,mixamorig_LeftToeBase,33,0.9715560674667358,0.001987840747460723,-0.2368019074201584,0,0.13836587965488434,0.8067510724067688,0.5744628310203552,0,0.19218213856220245,-0.5908881425857544,0.7835288643836975,0,0,0.1411529928445816,0,1
B35,mixamorig_LeftToe_End,34,1,0,0,0,0,1,0,0,0,0,1,0,0,0.060509998351335526,0,1
B36,mixamorig_RightUpLeg,0,-0.7500309944152832,0.36642804741859436,-0.5506218671798706,0,-0.5702452063560486,-0.7800147533416748,0.2576763927936554,0,-0.3350732922554016,0.5072547197341919,0.7939890027046204,0,-0.11794199794530869,-0.058329999446868896,0.014223000034689903,1
B37,mixamorig_RightLeg,36,0.9908430576324463,-0.10278316587209702,0.08755050599575043,0,0.13366925716400146,0.6553870439529419,-0.7433709502220154,0,0.019026560708880424,0.7482669949531555,0.6631249189376831,0,0,0.37613898515701294,0,1
B38,mixamorig_RightFoot,37,0.8162171244621277,0.48602285981178284,0.3123627305030823,0,-0.3984592854976654,0.08206093311309814,0.913507878780365,0,0.4183531105518341,-0.8700848817825317,0.2606399357318878,0,0,0.3120209872722626,0,1
B39,mixamorig_RightToeBase,38,0.9873079657554626,-0.007500190753489733,0.15863703191280365,0,-0.0874241292476654,0.8082500100135803,0.5823140144348145,0,-0.13258585333824158,-0.5887920260429382,0.7973359823226929,0,0,0.13944600522518158,0,1
B40,mixamorig_RightToe_End,39,1,0,0,0,0,1,0,0,0,0,1,0,0,0.059328000992536545,0,1
@34,0,1,2,3,4,5,7,8,9,10,11,12,13,15,16,17,19,20,21,22,23,24,25,27,28,29,31,32,33,34,36,37,38,39
K0,0.5828449726104736,-0.012116940692067146,0.8124930262565613,0,-0.12245293706655502,0.9871600270271301,0.10256388038396835,0,-0.8033039569854736,-0.15927112102508545,0.5738779306411743,0,0.014347000047564507,0.6918380260467529,-0.013647999614477158,1,0.9965640306472778,-0.04830572009086609,-0.0672738328576088,0,0.051424283534288406,0.997642993927002,0.0454222597181797,0,0.06492116302251816,-0.04872573912143707,0.9966999888420105,0,0,0.1048789992928505,-0.00846800021827221,1,0.9988699555397034,0.042873747646808624,-0.020526234060525894,0,-0.042420245707035065,0.9988570213317871,0.02204182930290699,0,0.021447768434882164,-0.021146172657608986,0.9995459914207458,0,0,0.12275700271129608,0,1,0.9995750188827515,0.02016167901456356,-0.021042674779891968,0,-0.0200803205370903,0.9997900128364563,0.0040706368163228035,0,0.021120328456163406,-0.0036463632714003325,0.9997699856758118,0,0,0.14029400050640106,0,1,0.9850699305534363,-0.01917143352329731,-0.1710858941078186,0,0.027000566944479942,0.9986860156059265,0.04355241730809212,0,0.17002609372138977,-0.04752158373594284,0.9842929840087891,0,0,0.15783099830150604,0,1,0.9123839735984802,-0.11264365911483765,-0.39353105425834656,0,0.07962534576654434,0.9918659329414368,-0.0993022471666336,0,0.4015159010887146,0.059266746044158936,0.9139320254325867,0,0,0.12161500006914139,0.04599099978804588,1,0.14629817008972168,-0.049923282116651535,-0.9879800081253052,0,0.9838729500770569,-0.09655965119600296,0.15056928992271423,0,-0.10291577875614166,-0.9940740466117859,0.034991588443517685,0,0.05946800112724304,0.139056995511055,-0.0026279999874532223,1,0.9747760891914368,0.21874481439590454,0.044300779700279236,0,-0.18306216597557068,0.6700788736343384,0.7193630337715149,0,0.12767177820205688,-0.709326982498169,0.6932200789451599,0,0,0.1261260062456131,0,1,-0.01292107068002224,0.7958299517631531,0.6053822040557861,0,-0.9983251094818115,-0.04441506788134575,0.03707975149154663,0,0.05639723688364029,-0.6038891673088074,0.7950708866119385,0,0,0.2891539931297302,0,1,0.8937659859657288,0.024926399812102318,-0.44783997535705566,0,-0.0002046006848104298,0.9984769821166992,0.05516606941819191,0,0.4485330283641815,-0.04921393096446991,0.8924099802970886,0,0,0.3011240065097809,0,1,0.8477359414100647,0.5297410488128662,-0.026811083778738976,0,-0.45653191208839417,0.754447877407074,0.4715782701969147,0,0.27004191279411316,-0.38753369450569153,0.8814161419868469,0,-0.03675299882888794,0.039733998477458954,0,1,0.9759429693222046,-0.03734287992119789,-0.21480421721935272,0,0.053406111896038055,0.9961539506912231,0.069468192756176,0,0.21138377487659454,-0.07926879823207855,0.9741830825805664,0,-0.008639000356197357,0.04242999851703644,0,1,0.6855520606040955,0.42873015999794006,-0.588395893573761,0,0.15372811257839203,0.7047370076179504,0.6926129460334778,0,0.7116081118583679,-0.5652750134468079,0.41722583770751953,0,0.0020920000970363617,0.029895000159740448,0,1,0.8248908519744873,0.47079408168792725,0.31290334463119507,0,-0.42330098152160645,0.14757177233695984,0.8938901424407959,0,0.3746623396873474,-0.8698137998580933,0.3210180699825287,0,0,0.07330600172281265,0,1,0.9042519927024841,0.39007601141929626,0.17369487881660461,0,-0.33591896295547485,0.39873388409614563,0.8533290028572083,0,0.26360487937927246,-0.8299708962440491,0.4915892779827118,0,-0.0002859999949578196,0.04616599902510643,0,1,0.8901549577713013,0.38107094168663025,0.24981804192066193,0,-0.3757040202617645,0.3036038875579834,0.8755979537963867,0,0.2578190267086029,-0.8732748627662659,0.4134240746498108,0,-0.0012700000079348683,0.03544500097632408,0,1,-0.3182777464389801,0.1253884881734848,0.9396681189537048,0,-0.9471890926361084,-0.08298031240701675,-0.3097524046897888,0,0.03913460671901703,-0.9886311292648315,0.14517749845981598,0,-0.05946800112724304,0.1388780027627945,-0.0004189999890513718,1,0.9935719966888428,0.004020641092211008,0.11312590539455414,0,-0.09019535779953003,0.6319839358329773,0.7697141766548157,0,-0.0683991014957428,-0.7749709486961365,0.6282851099967957,0,0,0.1261260062456131,0,1,0.26946309208869934,-0.956570029258728,-0.11118855327367783,0,0.9628239870071411,0.26533710956573486,0.05065283179283142,0,-0.018950549885630608,-0.12070418149232864,0.9925079941749573,0,0,0.2885870039463043,0,1,0.7653949856758118,-0.4881957769393921,0.41932716965675354,0,0.457870215177536,0.8709638714790344,0.17826007306575775,0,-0.4522448480129242,0.05555807426571846,0.8901621103286743,0,0,0.3011229932308197,0,1,0.9231329560279846,-0.38257917761802673,-0.03817995637655258,0,0.2691158354282379,0.5720301866531372,0.7748269438743591,0,-0.27459293603897095,-0.7255440354347229,0.6310188174247742,0,0.021580999717116356,0.04083599895238876,0,1,0.936877965927124,0.2474057972431183,0.24708229303359985,0,-0.18713822960853577,0.951708972454071,-0.24337081611156464,0,-0.2953616976737976,0.1817701756954193,0.9379339814186096,0,-0.00020900000527035445,0.0369499996304512,0,1,0.9651768803596497,-0.051895711570978165,-0.25639933347702026,0,0.0070062847808003426,0.9849020838737488,-0.1729719489812851,0,0.2615046799182892,0.16515207290649414,0.9509680867195129,0,0.006146000232547522,0.03344700112938881,0,1,0.9293490052223206,-0.2641092538833618,-0.2579857409000397,0,0.3575417101383209,0.4695858955383301,0.8072502017021179,0,-0.09205576777458191,-0.8424578905105591,0.5308392643928528,0,0,0.05239399895071983,0,1,0.9086719155311584,-0.38223910331726074,-0.1679561287164688,0,0.3311219811439514,0.4147378206253052,0.8475560545921326,0,-0.25431111454963684,-0.8257638812065125,0.5034281015396118,0,-0.0001539999939268455,0.05113700032234192,0,1,0.9218829274177551,-0.3482588827610016,-0.16984431445598602,0,0.33384209871292114,0.4914185404777527,0.804398238658905,0,-0.19667433202266693,-0.7982628345489502,0.569294273853302,0,0.0013310000067576766,0.04454199969768524,0,1,-0.6659559607505798,0.010199083015322685,0.7459209561347961,0,0.6313040852546692,-0.5250117778778076,0.5708049535751343,0,0.39743897318840027,0.8510338664054871,0.3431960940361023,0,0.11794199794530869,-0.058329999446868896,0.014361999928951263,1,0.9624320268630981,-0.10123974829912186,-0.2519441843032837,0,-0.14521774649620056,0.592110276222229,-0.7926648259162903,0,0.229427769780159,0.7994722127914429,0.5551636815071106,0,0,0.37615400552749634,0,1,0.9509409666061401,-0.21131503582000732,-0.2259601354598999,0,0.30142590403556824,0.46835923194885254,0.8305308818817139,0,-0.06967315822839737,-0.857896089553833,0.509077787399292,0,0,0.312406986951828,0,1,0.9715560674667358,0.0019878593739122152,-0.236801877617836,0,0.13836584985256195,0.8067510724067688,0.574462890625,0,0.19218210875988007,-0.5908882021903992,0.7835288643836975,0,0,0.1411529928445816,0,1,-0.7500312328338623,0.366428017616272,-0.550621747970581,0,-0.570245087146759,-0.7800149321556091,0.25767645239830017,0,-0.3350732922554016,0.5072546601295471,0.7939890623092651,0,-0.11794199794530869,-0.058329999446868896,0.014223000034689903,1,0.9908430576324463,-0.10278293490409851,0.08755043148994446,0,0.13366906344890594,0.6553870439529419,-0.7433709502220154,0,0.019026435911655426,0.7482669949531555,0.6631249189376831,0,0,0.37613898515701294,0,1,0.8162172436714172,0.4860226511955261,0.3123628795146942,0,-0.3984593451023102,0.08206085860729218,0.9135079383850098,0,0.418352872133255,-0.8700850605964661,0.26063981652259827,0,0,0.3120209872722626,0,1,0.9873079657554626,-0.007500177249312401,0.15863710641860962,0,-0.08742418140172958,0.8082500100135803,0.5823140144348145,0,-0.13258589804172516,-0.5887920260429382,0.7973359823226929,0,0,0.13944600522518158,0,1
K0.033,0.5329639911651611,-0.015613969415426254,0.8459939956665039,0,-0.108905129134655,0.9902480244636536,0.08688503503799438,0,-0.8391001224517822,-0.1384396255016327,0.5260658264160156,0,0.019663048908114433,0.6917589902877808,-0.01489200722426176,1,0.9970089197158813,-0.04383518174290657,-0.06364420056343079,0,0.04661857336759567,0.997990071773529,0.04292711243033409,0,0.06163459271192551,-0.04576573520898819,0.9970489740371704,0,0,0.1048789992928505,-0.00846800021827221,1,0.9989080429077148,0.045391179621219635,-0.011106597259640694,0,-0.045088961720466614,0.9986420273780823,0.026093749329447746,0,0.012275938875973225,-0.025564467534422874,0.9995980262756348,0,0,0.12275700271129608,0,1,0.9996539950370789,0.023465069010853767,-0.011863039806485176,0,-0.023361103609204292,0.9996880292892456,0.008828215301036835,0,0.012066503055393696,-0.00854803342372179,0.9998910427093506,0,0,0.14029400050640106,0,1,0.9839820265769958,-0.02330809086561203,-0.17674008011817932,0,0.03636322543025017,0.996813952922821,0.07099086046218872,0,0.17452219128608704,-0.07628051936626434,0.9816939234733582,0,0,0.15783099830150604,0,1,0.9112359881401062,-0.1327783167362213,-0.38989588618278503,0,0.11317785829305649,0.9908939599990845,-0.07293614745140076,0,0.3960299491882324,0.022334463894367218,0.9179660677909851,0,0,0.12161500006914139,0.04599099978804588,1,0.14592325687408447,-0.04997573792934418,-0.988032877445221,0,0.9838510751724243,-0.09731201827526093,0.15022775530815125,0,-0.103655144572258,-0.9939979314804077,0.03496858850121498,0,0.05946800112724304,0.139056995511055,-0.0026279999874532223,1,0.9829971194267273,0.18175625801086426,0.026112137362360954,0,-0.12417016178369522,0.5532101392745972,0.8237358331680298,0,0.13527357578277588,-0.8129719495773315,0.5663724541664124,0,0,0.1261260062456131,0,1,-0.0768551155924797,0.8052400350570679,0.5879471898078918,0,-0.9724728465080261,0.06956080347299576,-0.22238846123218536,0,-0.21997416019439697,-0.5888544321060181,0.7777281403541565,0,0,0.2891539931297302,0,1,0.764187216758728,-0.04350443556904793,-0.643524706363678,0,0.11253999173641205,0.9914112687110901,0.06661878526210785,0,0.6350998282432556,-0.12333157658576965,0.7625203728675842,0,0,0.3011240065097809,0,1,0.850883424282074,0.5244753360748291,-0.030373193323612213,0,-0.45154237747192383,0.7596629858016968,0.46799778938293457,0,0.2685268521308899,-0.3844969868659973,0.8832079768180847,0,-0.03675299882888794,0.039733998477458954,0,1,0.9772741198539734,-0.03132298216223717,-0.20965370535850525,0,0.046538665890693665,0.9965969920158386,0.06803907454013824,0,0.20680905878543854,-0.07624982297420502,0.9754060506820679,0,-0.008639000356197357,0.04242999851703644,0,1,0.6979283094406128,0.4136705696582794,-0.584613025188446,0,0.1511508673429489,0.712835967540741,0.6848491430282593,0,0.7000356316566467,-0.5663407444953918,0.4349820017814636,0,0.0020920000970363617,0.029895000159740448,0,1,0.8342532515525818,0.46638405323028564,0.294119268655777,0,-0.41677775979042053,0.18415074050426483,0.8901600241661072,0,0.3609943687915802,-0.8652018308639526,0.34800705313682556,0,0,0.07330600172281265,0,1,0.9057368040084839,0.3881373405456543,0.17026405036449432,0,-0.3350416421890259,0.40962350368499756,0.8485018610954285,0,0.2595910429954529,-0.8255648612976074,0.5010531544685364,0,-0.0002859999949578196,0.04616599902510643,0,1,0.8930233120918274,0.3792186975479126,0.24228449165821075,0,-0.3733421564102173,0.32373857498168945,0.8693727254867554,0,0.25124552845954895,-0.8668249249458313,0.43068432807922363,0,-0.0012700000079348683,0.03544500097632408,0,1,-0.24915927648544312,0.13366714119911194,0.9591934084892273,0,-0.9666653275489807,-0.0946270003914833,-0.2379135638475418,0,0.058964408934116364,-0.9864978790283203,0.1527886688709259,0,-0.05946800112724304,0.1388780027627945,-0.0004189999890513718,1,0.9987040162086487,0.018972380086779594,0.047233786433935165,0,-0.04847835376858711,0.637428879737854,0.7689831256866455,0,-0.015518726781010628,-0.770275890827179,0.6375221014022827,0,0,0.1261260062456131,0,1,0.3334718346595764,-0.9424497485160828,-0.024188272655010223,0,0.9353066086769104,0.32750654220581055,0.13394707441329956,0,-0.11831658333539963,-0.06729103624820709,0.9906937479972839,0,0,0.2885870039463043,0,1,0.751421332359314,-0.5348387360572815,0.38641199469566345,0,0.5071402788162231,0.8427875638008118,0.1803242713212967,0,-0.4221077263355255,0.060465600341558456,0.9045270681381226,0,0,0.3011229932308197,0,1,0.9231329560279846,-0.38257908821105957,-0.03817996755242348,0,0.2691159248352051,0.5720304250717163,0.774827778339386,0,-0.27459293603897095,-0.7255442142486572,0.6310185790061951,0,0.021580999717116356,0.04083599895238876,0,1,0.9368389844894409,0.24758486449718475,0.24704988300800323,0,-0.1873331367969513,0.9516759514808655,-0.24334992468357086,0,-0.29536113142967224,0.18169906735420227,0.9379478693008423,0,-0.00020900000527035445,0.0369499996304512,0,1,0.9651769399642944,-0.05189521610736847,-0.25639936327934265,0,0.007005787920206785,0.9849020838737488,-0.17297187447547913,0,0.2615046203136444,0.16515213251113892,0.9509680867195129,0,0.006146000232547522,0.03344700112938881,0,1,0.9293490052223206,-0.2641090154647827,-0.2579849362373352,0,0.35754090547561646,0.4695861339569092,0.807249903678894,0,-0.09205596148967743,-0.8424581289291382,0.5308398604393005,0,0,0.05239399895071983,0,1,0.9086719155311584,-0.38223910331726074,-0.1679561287164688,0,0.3311219811439514,0.4147378206253052,0.8475560545921326,0,-0.25431111454963684,-0.8257638812065125,0.5034281015396118,0,-0.0001539999939268455,0.05113700032234192,0,1,0.9218829870223999,-0.3482588827610016,-0.1698441207408905,0,0.33384209871292114,0.4914191961288452,0.8043978214263916,0,-0.19667412340641022,-0.7982621788978577,0.5692946910858154,0,0.0013310000067576766,0.04454199969768524,0,1,-0.6581675410270691,-0.040029481053352356,0.7518066167831421,0,0.6456236243247986,-0.5436851382255554,0.5362615585327148,0,0.38728001713752747,0.8383346199989319,0.38367998600006104,0,0.11794199794530869,-0.058329999446868896,0.014361999928951263,1,0.9735692143440247,-0.06440632045269012,-0.2191234529018402,0,-0.1412365883588791,0.5841971635818481,-0.7992278933525085,0,0.17948666214942932,0.809052050113678,0.5596599578857422,0,0,0.37615400552749634,0,1,0.9450500011444092,-0.23568207025527954,-0.22656996548175812,0,0.3125901520252228,0.4484487473964691,0.837365984916687,0,-0.09574709087610245,-0.8621758818626404,0.4974781572818756,0,0,0.312406986951828,0,1,0.9907829761505127,0,-0.13545632362365723,0,0.07676194608211517,0.8239310383796692,0.5614679455757141,0,0.111606664955616,-0.566690981388092,0.8163371086120605,0,0,0.1411529928445816,0,1,-0.7488789558410645,0.3575423061847687,-0.5579820871353149,0,-0.5782510042190552,-0.7638550400733948,0.2866211533546448,0,-0.323738157749176,0.5372981429100037,0.7787838578224182,0,-0.11794199794530869,-0.058329999446868896,0.014223000034689903,1,0.9884660243988037,-0.05109308660030365,0.14256207644939423,0,0.14137697219848633,0.6487729549407959,-0.747734010219574,0,-0.0542864054441452,0.759265124797821,0.6485137939453125,0,0,0.37613898515701294,0,1,0.836705207824707,0.4603530168533325,0.2966476380825043,0,-0.38245299458503723,0.10346236824989319,0.9181640148162842,0,0.3919876217842102,-0.8816861510276794,0.2626308500766754,0,0,0.3120209872722626,0,1,0.9908589720726013,0,0.13490112125873566,0,-0.07738272100687027,0.8191187977790833,0.5683802366256714,0,-0.11049988120794296,-0.5736236572265625,0.8116312623023987,0,0,0.13944600522518158,0,1
K0.067,0.5287160277366638,0.0014108291361480951,0.8487980365753174,0,-0.10812003165483475,0.9919650554656982,0.06569914519786835,0,-0.8418848514556885,-0.1265081912279129,0.5246201157569885,0,0.024573951959609985,0.6908980011940002,-0.01559099368751049,1,0.9980369806289673,-0.03204509988427162,-0.05380672588944435,0,0.03401513770222664,0.9987689256668091,0.03610539808869362,0,0.052583467215299606,-0.03786475211381912,0.9978979825973511,0,0,0.1048789992928505,-0.00846800021827221,1,0.9985730648040771,0.05192027613520622,0.01251608319580555,0,-0.05234459042549133,0.9979670643806458,0.0363667793571949,0,-0.010602458380162716,-0.03697000816464424,0.9992600083351135,0,0,0.12275700271129608,0,1,0.9994230270385742,0.032065004110336304,0.011194909922778606,0,-0.03229382261633873,0.9992600083351135,0.020894642919301987,0,-0.010516639798879623,-0.021244114264845848,0.9997190237045288,0,0,0.14029400050640106,0,1,0.9808709621429443,-0.03204280883073807,-0.19200104475021362,0,0.059241876006126404,0.9887091517448425,0.13764306902885437,0,0.18542267382144928,-0.1463845819234848,0.9716941118240356,0,0,0.15783099830150604,0,1,0.9063490629196167,-0.17844559252262115,-0.38299912214279175,0,0.18702222406864166,0.9822401404380798,-0.015062686055898666,0,0.3788851201534271,-0.05797731876373291,0.9236260056495667,0,0,0.12161500006914139,0.04599099978804588,1,0.14473317563533783,-0.049993354827165604,-0.9882069230079651,0,0.9838698506355286,-0.09884034097194672,0.1490982472896576,0,-0.10512874275445938,-0.9938470125198364,0.03488154709339142,0,0.05946800112724304,0.139056995511055,-0.0026279999874532223,1,0.9900439381599426,0.11046362668275833,0.08723749220371246,0,-0.1356090009212494,0.5824637413024902,0.8014651536941528,0,0.037720076739788055,-0.8053160905838013,0.5916447043418884,0,0,0.1261260062456131,0,1,0.20097225904464722,0.7821177244186401,0.5898319482803345,0,-0.9188868403434753,0.3591874837875366,-0.1631924957036972,0,-0.3394961357116699,-0.5091918706893921,0.7908648252487183,0,0,0.2891539931297302,0,1,0.7876059412956238,0.038984447717666626,-0.6149451732635498,0,-0.06519696861505508,0.9976671934127808,-0.02025548741221428,0,0.6127205491065979,0.05604586377739906,0.7883097529411316,0,0,0.3011240065097809,0,1,0.8593571186065674,0.5097858309745789,-0.0403108187019825,0,-0.43759748339653015,0.7738719582557678,0.4578547179698944,0,0.2646031081676483,-0.3758205771446228,0.8881128430366516,0,-0.03675299882888794,0.039733998477458954,0,1,0.9805858731269836,-0.014628399163484573,-0.1955433338880539,0,0.02766195312142372,0.997560977935791,0.06408911198377609,0,0.19412891566753387,-0.0682540014386177,0.9785990715026855,0,-0.008639000356197357,0.04242999851703644,0,1,0.7308056354522705,0.37240976095199585,-0.5720440149307251,0,0.14418941736221313,0.7349177598953247,0.6626501083374023,0,0.6671825051307678,-0.5667510032653809,0.483384370803833,0,0.0020920000970363617,0.029895000159740448,0,1,0.8590059280395508,0.45012804865837097,0.24391214549541473,0,-0.3964134752750397,0.28329840302467346,0.8732690811157227,0,0.3239830732345581,-0.8468335270881653,0.4217919111251831,0,0,0.07330600172281265,0,1,0.9098289012908936,0.3825332522392273,0.16087374091148376,0,-0.33234286308288574,0.439509779214859,0.834493100643158,0,0.2485157698392868,-0.8127110600471497,0.5270107984542847,0,-0.0002859999949578196,0.04616599902510643,0,1,0.9008018374443054,0.3732830584049225,0.22184553742408752,0,-0.3661430776119232,0.3782922923564911,0.8501963019371033,0,0.2334415316581726,-0.8470860719680786,0.4774416387081146,0,-0.0012700000079348683,0.03544500097632408,0,1,-0.10128036141395569,0.14954492449760437,0.9835538864135742,0,-0.989642858505249,-0.1162400096654892,-0.08423357456922531,0,0.10173157602548599,-0.9818981289863586,0.15976884961128235,0,-0.05946800112724304,0.1388780027627945,-0.0004189999890513718,1,0.9945021867752075,0.06402208656072617,-0.08285953849554062,0,0.022652825340628624,0.641029953956604,0.7671821117401123,0,0.10223200917243958,-0.7648409605026245,0.6360551714897156,0,0,0.1261260062456131,0,1,0.37032824754714966,-0.9147421717643738,0.16156718134880066,0,0.8548312187194824,0.4036650061607361,0.32606399059295654,0,-0.3634835481643677,0.017361989244818687,0.9314389228820801,0,0,0.2885870039463043,0,1,0.7939128279685974,-0.4178088903427124,0.4417443871498108,0,0.42153823375701904,0.9017862677574158,0.09532597661018372,0,-0.43818703293800354,0.11053161323070526,0.8920620083808899,0,0,0.3011229932308197,0,1,0.9231330156326294,-0.3825789988040924,-0.038179848343133926,0,0.26911604404449463,0.5720311403274536,0.7748279571533203,0,-0.2745928466320038,-0.7255440354347229,0.631018877029419,0,0.021580999717116356,0.04083599895238876,0,1,0.9368389844894409,0.24758486449718475,0.24704988300800323,0,-0.1873331367969513,0.9516759514808655,-0.24334992468357086,0,-0.29536113142967224,0.18169906735420227,0.9379478693008423,0,-0.00020900000527035445,0.0369499996304512,0,1,0.9651769995689392,-0.051895759999752045,-0.25639986991882324,0,0.007006240077316761,0.9849020838737488,-0.1729719489812851,0,0.261505126953125,0.16515205800533295,0.9509679675102234,0,0.006146000232547522,0.03344700112938881,0,1,0.9293490052223206,-0.2641092538833618,-0.2579857409000397,0,0.3575417101383209,0.4695858955383301,0.8072502017021179,0,-0.09205576777458191,-0.8424578905105591,0.5308392643928528,0,0,0.05239399895071983,0,1,0.9086719155311584,-0.38223910331726074,-0.1679561287164688,0,0.3311219811439514,0.4147378206253052,0.8475560545921326,0,-0.25431111454963684,-0.8257638812065125,0.5034281015396118,0,-0.0001539999939268455,0.05113700032234192,0,1,0.9218829870223999,-0.3482588827610016,-0.1698441207408905,0,0.33384209871292114,0.4914191961288452,0.8043978214263916,0,-0.19667412340641022,-0.7982621788978577,0.5692946910858154,0,0.0013310000067576766,0.04454199969768524,0,1,-0.6921200156211853,-0.0644967183470726,0.7188950777053833,0,0.6186522841453552,-0.5660698413848877,0.5448248982429504,0,0.3718053698539734,0.8218302726745605,0.43168920278549194,0,0.11794199794530869,-0.058329999446868896,0.014361999928951263,1,0.9826939702033997,-0.028334273025393486,-0.18305924534797668,0,-0.13217000663280487,0.585148811340332,-0.8000821471214294,0,0.1297866255044937,0.8104307651519775,0.5712772011756897,0,0,0.37615400552749634,0,1,0.9408280849456787,-0.25137269496917725,-0.2272741198539734,0,0.32068103551864624,0.44355103373527527,0.8369148969650269,0,-0.1095699667930603,-0.8602759838104248,0.49791595339775085,0,0,0.312406986951828,0,1,0.9907830357551575,0,-0.13545683026313782,0,0.07676210254430771,0.8239309787750244,0.5614679455757141,0,0.1116071566939354,-0.5666910409927368,0.816336989402771,0,0,0.1411529928445816,0,1,-0.7322820425033569,0.36651867628097534,-0.5739559531211853,0,-0.5994720458984375,-0.7468109130859375,0.2879358232021332,0,-0.32310277223587036,0.5549208521842957,0.7665941715240479,0,-0.11794199794530869,-0.058329999446868896,0.014223000034689903,1,0.9848520159721375,-0.04178927466273308,0.16828376054763794,0,0.1557786911725998,0.6394659280776978,-0.7528720498085022,0,-0.07614977657794952,0.7676827311515808,0.6362893581390381,0,0,0.37613898515701294,0,1,0.8379180431365967,0.45874887704849243,0.2957068383693695,0,-0.38193613290786743,0.10580778121948242,0.9181119203567505,0,0.38989487290382385,-0.8822440505027771,0.26387110352516174,0,0,0.3120209872722626,0,1,0.9908589720726013,0,0.13490095734596252,0,-0.07738221436738968,0.8191187381744385,0.5683802366256714,0,-0.1105000302195549,-0.5736236572265625,0.8116312623023987,0,0,0.13944600522518158,0,1
K0.100,0.5277361869812012,0.02197299711406231,0.8491238355636597,0,-0.10507901012897491,0.9936749935150146,0.03959372639656067,0,-0.8428841233253479,-0.1101202666759491,0.5267077684402466,0,0.02828199975192547,0.6891390085220337,-0.013024000450968742,1,0.999083936214447,-0.014982032589614391,-0.04007416591048241,0,0.016026966273784637,0.9995369911193848,0.025881728157401085,0,0.03966783359646797,-0.026500273495912552,0.9988610148429871,0,0,0.1048789992928505,-0.00846800021827221,1,0.9971919655799866,0.06093889847397804,0.04352730140089989,0,-0.06309809535741806,0.996749997138977,0.05008508265018463,0,-0.04033369570970535,-0.05269092321395874,0.9977959990501404,0,0,0.12275700271129608,0,1,0.998166024684906,0.04400528222322464,0.041563887149095535,0,-0.045551709830760956,0.9982759952545166,0.03702128678560257,0,-0.039863113313913345,-0.038846708834171295,0.998449981212616,0,0,0.14029400050640106,0,1,0.9760640263557434,-0.039953671395778656,-0.2137809842824936,0,0.08795332163572311,0.971526026725769,0.22000105679035187,0,0.19890400767326355,-0.233537957072258,0.9517859816551208,0,0,0.15783099830150604,0,1,0.8991460204124451,-0.2275530993938446,-0.37383997440338135,0,0.26162290573120117,0.9642420411109924,0.04232005029916763,0,0.3508419990539551,-0.13585694134235382,0.9265270233154297,0,0,0.12161500006914139,0.04599099978804588,1,0.14262017607688904,-0.04976077005267143,-0.9885260462760925,0,0.9840599894523621,-0.10006383061408997,0.147012859582901,0,-0.1062312200665474,-0.9937360286712646,0.034696489572525024,0,0.05946800112724304,0.139056995511055,-0.0026279999874532223,1,0.9829080104827881,0.044966962188482285,0.17852306365966797,0,-0.16997402906417847,0.5941640734672546,0.7861790060997009,0,-0.07071992009878159,-0.8030860424041748,0.5916519165039062,0,0,0.1261260062456131,0,1,0.5436269640922546,0.6557132005691528,0.5239378213882446,0,-0.7484789490699768,0.6612021327018738,-0.050894711166620255,0,-0.3798012137413025,-0.36448872089385986,0.8502349257469177,0,0,0.2891539931297302,0,1,0.8231931328773499,0.12659305334091187,-0.5534688234329224,0,-0.23207195103168488,0.9646959900856018,-0.12451692670583725,0,0.518166184425354,0.23094607889652252,0.8235098123550415,0,0,0.3011240065097809,0,1,0.8715721368789673,0.4871058166027069,-0.05559808015823364,0,-0.41599518060684204,0.7947741746902466,0.44190865755081177,0,0.2594439387321472,-0.3620263636112213,0.895335853099823,0,-0.03675299882888794,0.039733998477458954,0,1,0.9846050143241882,0.0108529357239604,-0.17445817589759827,0,-0.0007110667647793889,0.9983109831809998,0.05809120088815689,0,0.17479385435581207,-0.057072799652814865,0.9829490780830383,0,-0.008639000356197357,0.04242999851703644,0,1,0.7770388722419739,0.3111652433872223,-0.5471620559692383,0,0.13415119051933289,0.7674300670623779,0.6269408464431763,0,0.6149909496307373,-0.5605600476264954,0.5545799732208252,0,0.0020920000970363617,0.029895000159740448,0,1,0.8931548595428467,0.414971262216568,0.17341798543930054,0,-0.35937368869781494,0.4266509711742401,0.8299511075019836,0,0.2704170048236847,-0.8035968542098999,0.5301952362060547,0,0,0.07330600172281265,0,1,0.9159281253814697,0.3735077679157257,0.1468568593263626,0,-0.32749423384666443,0.48404479026794434,0.8114479780197144,0,0.23199687898159027,-0.7913230061531067,0.5656720399856567,0,-0.0002859999949578196,0.04616599902510643,0,1,0.9122039079666138,0.3620331883430481,0.19187617301940918,0,-0.35330483317375183,0.45782774686813354,0.8158241510391235,0,0.20750917494297028,-0.8119887113571167,0.5455403327941895,0,-0.0012700000079348683,0.03544500097632408,0,1,0.029914047569036484,0.15563251078128815,0.9873620271682739,0,-0.9897559881210327,-0.1333477944135666,0.051005493849515915,0,0.13960060477256775,-0.9787730574607849,0.15004917979240417,0,-0.05946800112724304,0.1388780027627945,-0.0004189999890513718,1,0.9676349759101868,0.059010040014982224,-0.2453581839799881,0,0.15412203967571259,0.6316898465156555,0.7597461938858032,0,0.19982287287712097,-0.7729718685150146,0.6021502614021301,0,0,0.1261260062456131,0,1,0.4387226402759552,-0.8405630588531494,0.31776735186576843,0,0.6958439350128174,0.5415289402008057,0.47175002098083496,0,-0.5686156153678894,0.014149077236652374,0.8224812746047974,0,0,0.2885870039463043,0,1,0.7840128540992737,-0.3070223927497864,0.5395010709762573,0,0.32183459401130676,0.9442301392555237,0.06965204328298569,0,-0.5307978987693787,0.11902204155921936,0.8390989899635315,0,0,0.3011229932308197,0,1,0.9231339693069458,-0.3825792968273163,-0.03817989304661751,0,0.26911574602127075,0.5720305442810059,0.7748277187347412,0,-0.2745928466320038,-0.7255442142486572,0.6310186386108398,0,0.021580999717116356,0.04083599895238876,0,1,0.9368399977684021,0.2475849688053131,0.24705001711845398,0,-0.18733301758766174,0.9516759514808655,-0.24334989488124847,0,-0.2953610122203827,0.18169909715652466,0.9379479289054871,0,-0.00020900000527035445,0.0369499996304512,0,1,0.9651768803596497,-0.051895711570978165,-0.25639933347702026,0,0.0070062847808003426,0.9849020838737488,-0.1729719489812851,0,0.2615046799182892,0.16515207290649414,0.9509680867195129,0,0.006146000232547522,0.03344700112938881,0,1,0.9293489456176758,-0.26410892605781555,-0.25798624753952026,0,0.3575419783592224,0.4695858955383301,0.8072500228881836,0,-0.09205526858568192,-0.8424577713012695,0.5308391451835632,0,0,0.05239399895071983,0,1,0.9086719751358032,-0.38223880529403687,-0.16795533895492554,0,0.3311210870742798,0.41473788022994995,0.847555935382843,0,-0.25431135296821594,-0.8257638216018677,0.5034279823303223,0,-0.0001539999939268455,0.05113700032234192,0,1,0.9218829870223999,-0.3482588827610016,-0.1698441207408905,0,0.33384209871292114,0.4914191961288452,0.8043978214263916,0,-0.19667412340641022,-0.7982621788978577,0.5692946910858154,0,0.0013310000067576766,0.04454199969768524,0,1,-0.7399172186851501,-0.10004378110170364,0.6652168035507202,0,0.5809382200241089,-0.5936099886894226,0.556899905204773,0,0.3391651213169098,0.7985101938247681,0.49734172224998474,0,0.11794199794530869,-0.058329999446868896,0.014361999928951263,1,0.9909470081329346,0.01861942745745182,-0.13295908272266388,0,-0.1192745789885521,0.5767120122909546,-0.8081939816474915,0,0.06163090839982033,0.8167349696159363,0.573711097240448,0,0,0.37615400552749634,0,1,0.9344780445098877,-0.272484689950943,-0.22913609445095062,0,0.3309183120727539,0.4273926615715027,0.8413251042366028,0,-0.13131709396839142,-0.8620249629020691,0.4895591139793396,0,0,0.312406986951828,0,1,0.9907830357551575,0,-0.13545683026313782,0,0.07676210254430771,0.8239309787750244,0.5614679455757141,0,0.1116071566939354,-0.5666910409927368,0.816336989402771,0,0,0.1411529928445816,0,1,-0.7107129096984863,0.3845207095146179,-0.5890932679176331,0,-0.6247522830963135,-0.7299307584762573,0.2772837281227112,0,-0.32337576150894165,0.5651060938835144,0.7590009570121765,0,-0.11794199794530869,-0.058329999446868896,0.014223000034689903,1,0.979898989200592,-0.034428007900714874,0.196499764919281,0,0.1733590066432953,0.6343461275100708,-0.753359854221344,0,-0.0987122505903244,0.7722821235656738,0.6275638937950134,0,0,0.37613898515701294,0,1,0.8353560566902161,0.46421363949775696,0.29442423582077026,0,-0.38192126154899597,0.10489401966333389,0.9182228446006775,0,0.39536821842193604,-0.8794898390769958,0.26491692662239075,0,0,0.3120209872722626,0,1,0.9908589720726013,0,0.13490095734596252,0,-0.07738221436738968,0.8191187381744385,0.5683802366256714,0,-0.1105000302195549,-0.5736236572265625,0.8116312623023987,0,0,0.13944600522518158,0,1
