4.200,30,125,41
B0,mixamorig_Hips,-1,0.9935029745101929,-0.026443000882864,0.1106870025396347,0,0.008554999716579914,0.9872310161590576,0.15906299650669098,0,-0.11348000168800354,-0.15708300471305847,0.9810439944267273,0,0.002747999969869852,0.827476978302002,-0.04231199994683266,1
B1,mixamorig_Spine,0,0.9996659755706787,0.008573000319302082,0.024390000849962234,0,-0.00634999992325902,0.9959390163421631,-0.08980300277471542,0,-0.025061000138521194,0.08961799740791321,0.9956610202789307,0,0,0.1048789992928505,-0.00846800021827221,1
B2,mixamorig_Spine1,1,0.9998059868812561,0.00406799977645278,0.019254999235272408,0,-0.0037690000608563423,0.9998720288276672,-0.015549000352621078,0,-0.01931600086390972,0.01547400001436472,0.9996939897537231,0,0,0.12275700271129608,0,1
B3,mixamorig_Spine2,2,0.999809980392456,0.004342000000178814,0.018986999988555908,0,-0.004046000074595213,0.999871015548706,-0.015575000084936619,0,-0.01905200071632862,0.015495000407099724,0.9996979832649231,0,0,0.14029400050640106,0,1
B4,mixamorig_Neck,3,0.9990450143814087,-0.02354699932038784,-0.03681199997663498,0,0.025129999965429306,0.998753011226654,0.043133001774549484,0,0.03575100004673004,-0.0440169982612133,0.9983909726142883,0,0,0.15783099830150604,0,1
B5,mixamorig_Head,4,0.991038978099823,-0.018813999369740486,-0.1322380006313324,0,0.0216279998421669,0.9995689988136292,0.019874000921845436,0,0.13180699944496155,-0.02255599945783615,0.9910190105438232,0,0,0.12161500006914139,0.04599099978804588,1
B6,mixamorig_HeadTop_End,5,1,0,0,0,0,1,0,0,0,0,1,0,0,0.40285199880599976,0.15234699845314026,1
B7,mixamorig_LeftShoulder,3,0.06421700119972229,0.02835400030016899,-0.9975330233573914,0,0.9831719994544983,-0.17310500144958496,0.058371998369693756,0,-0.17102299630641937,-0.9844949841499329,-0.03899399936199188,0,0.05946800112724304,0.139056995511055,-0.0026279999874532223,1
B8,mixamorig_LeftArm,7,0.6285529732704163,0.6863679885864258,-0.36581599712371826,0,-0.02421499975025654,0.4873819947242737,0.8728529810905457,0,0.7773900032043457,-0.5397760272026062,0.3229660093784332,0,0,0.1261260062456131,0,1
B9,mixamorig_LeftForeArm,8,0.8591240048408508,0.5111860036849976,0.02439899928867817,0,-0.5117670297622681,0.8580690026283264,0.04255799949169159,0,0.0008190000080503523,-0.049049001187086105,0.9987959861755371,0,0,0.2891539931297302,0,1
B10,mixamorig_LeftHand,9,0.9907379746437073,0.020090999081730843,0.13429400324821472,0,-0.026892999187111855,0.9984350204467773,0.04902699962258339,0,-0.13309800624847412,-0.05218400061130524,0.9897279739379883,0,0,0.3011240065097809,0,1
B11,mixamorig_LeftHandThumb1,10,0.7697029709815979,0.6303269863128662,-0.10121600329875946,0,-0.63823401927948,0.756138026714325,-0.14461199939250946,0,-0.014619999565184116,0.17590700089931488,0.9842979907989502,0,-0.03675299882888794,0.039733998477458954,0,1
B12,mixamorig_LeftHandThumb2,11,0.8639079928398132,-0.49843499064445496,-0.07229399681091309,0,0.49561798572540283,0.8157920241355896,0.2980709969997406,0,-0.08959200233221054,-0.29333600401878357,0.9518020153045654,0,-0.008639000356197357,0.04242999851703644,0,1
B13,mixamorig_LeftHandThumb3,12,0.9917910099029541,-0.12780800461769104,-0.003957000095397234,0,0.12741400301456451,0.9851790070533752,0.11484300345182419,0,-0.010778999887406826,-0.11440400034189224,0.9933760166168213,0,0.0020920000970363617,0.029895000159740448,0,1
B14,mixamorig_LeftHandThumb4,13,1,0,0,0,0,1,0,0,0,0,1,0,0.006546999793499708,0.020431999117136,0,1
B15,mixamorig_LeftHandIndex1,10,0.9981539845466614,-0.059811998158693314,0.010498999617993832,0,0.06067400053143501,0.9750890135765076,-0.21335600316524506,0,0.0025239998940378428,0.21359999477863312,0.9769179821014404,0,0,0.07330600172281265,0,1
B16,mixamorig_LeftHandIndex2,15,0.9976289868354797,0.06847299635410309,0.006903000175952911,0,-0.06583300232887268,0.9202690124511719,0.3857080042362213,0,0.020058000460267067,-0.38524699211120605,0.9225950241088867,0,-0.0002859999949578196,0.04616599902510643,0,1
B17,mixamorig_LeftHandIndex3,16,0.9898949861526489,0.14056800305843353,0.018693000078201294,0,-0.14149199426174164,0.9703369736671448,0.19602400064468384,0,0.009415999986231327,-0.19668899476528168,0.9804210066795349,0,-0.0012700000079348683,0.03544500097632408,0,1
B18,mixamorig_LeftHandIndex4,17,1,0,0,0,0,1,0,0,0,0,1,0,0.0015569999814033508,0.02803800068795681,0,1
B19,mixamorig_RightShoulder,3,0.037696998566389084,-0.029589999467134476,0.9988510012626648,0,-0.9829580187797546,-0.18106800317764282,0.03173299878835678,0,0.1799210011959076,-0.9830250144004822,-0.03591100126504898,0,-0.05946800112724304,0.1388780027627945,-0.0004189999890513718,1
B20,mixamorig_RightArm,19,0.6936659812927246,-0.6675329804420471,0.2706049978733063,0,0.07749799638986588,0.442671000957489,0.8933290243148804,0,-0.7161160111427307,-0.5986999869346619,0.35879799723625183,0,0,0.1261260062456131,0,1
B21,mixamorig_RightForeArm,20,0.9053630232810974,-0.42442598938941956,-0.013435999862849712,0,0.4245930016040802,0.9052789807319641,0.013852999545633793,0,0.006283999886363745,-0.018247000873088837,0.999813973903656,0,0,0.2885870039463043,0,1
B22,mixamorig_RightHand,21,0.8823239803314209,-0.09932100027799606,-0.4600439965724945,0,-0.05181099846959114,0.9510409832000732,-0.30469200015068054,0,0.46778300404548645,0.2926720082759857,0.8339800238609314,0,0,0.3011229932308197,0,1
B23,mixamorig_RightHandThumb1,22,0.8483589887619019,-0.5292199850082397,0.01459600031375885,0,0.511309027671814,0.8261740207672119,0.23664499819278717,0,-0.13729600608348846,-0.19329600036144257,0.9714869856834412,0,0.021580999717116356,0.04083599895238876,0,1
B24,mixamorig_RightHandThumb2,23,0.6513640284538269,0.6164649724960327,0.4423759877681732,0,-0.6816080212593079,0.7315469980239868,-0.015819000080227852,0,-0.33337101340293884,-0.2912229895591736,0.8966900110244751,0,-0.00020900000527035445,0.0369499996304512,0,1
B25,mixamorig_RightHandThumb3,24,0.9615160226821899,-0.14805300533771515,0.2314479947090149,0,0.15249399840831757,0.9883040189743042,-0.0013150000013411045,0,-0.22854599356651306,0.03655900061130524,0.9728459715843201,0,0.006146000232547522,0.03344700112938881,0,1
B26,mixamorig_RightHandThumb4,25,1,0,0,0,0,1,0,0,0,0,1,0,-0.005936000030487776,0.029539000242948532,0,1
B27,mixamorig_RightHandIndex1,22,0.9955139756202698,0.046397000551223755,-0.08245600014925003,0,-0.06191499903798103,0.978456974029541,-0.19694800674915314,0,0.07154200226068497,0.20116999745368958,0.9769399762153625,0,0,0.05239399895071983,0,1
B28,mixamorig_RightHandIndex2,27,0.9972599744796753,-0.07305999845266342,-0.011632000096142292,0,0.07125499844551086,0.9062950015068054,0.41659700870513916,0,-0.019895000383257866,-0.4162839949131012,0.909017026424408,0,-0.0001539999939268455,0.05113700032234192,0,1
B29,mixamorig_RightHandIndex3,28,0.9926900267601013,-0.11976300179958344,-0.014955000020563602,0,0.12019100040197372,0.9696540236473083,0.21289700269699097,0,-0.010995999909937382,-0.21313799917697906,0.9769600033760071,0,0.0013310000067576766,0.04454199969768524,0,1
B30,mixamorig_RightHandIndex4,29,1,0,0,0,0,1,0,0,0,0,1,0,-0.0011769999982789159,0.03077000007033348,0,1
B31,mixamorig_LeftUpLeg,0,-0.9459080100059509,-0.07735499739646912,0.315077006816864,0,0.18218399584293365,-0.9302300214767456,0.31856200098991394,0,0.268451988697052,0.3587320148944855,0.8940050005912781,0,0.11794199794530869,-0.058329999446868896,0.014361999928951263,1
B32,mixamorig_LeftLeg,31,0.9888240098953247,0.12638600170612335,0.07908599823713303,0,-0.08762700110673904,0.9218310117721558,-0.3775559961795807,0,-0.12062200158834457,0.36640599370002747,0.9226030111312866,0,0,0.37615400552749634,0,1
B33,mixamorig_LeftFoot,32,0.9582740068435669,-0.19079500436782837,-0.2128559947013855,0,0.2751060128211975,0.41333699226379395,0.8680260181427002,0,-0.07763399928808212,-0.8903650045394897,0.44857901334762573,0,0,0.312406986951828,0,1
B34,mixamorig_LeftToeBase,33,0.99058598279953,0.0021210000850260258,-0.1368730068206787,0,0.07673600316047668,0.8194050192832947,0.5680549740791321,0,0.1133589968085289,-0.5732110142707825,0.8115289807319641,0,0,0.1411529928445816,0,1
B35,mixamorig_LeftToe_End,34,1,0,0,0,0,1,0,0,0,0,1,0,0,0.060509998351335526,0,1
B36,mixamorig_RightUpLeg,0,-0.9791150093078613,-0.008040999993681908,-0.2031480073928833,0,-0.05419100075960159,-0.9527459740638733,0.298895001411438,0,-0.19595099985599518,0.3036620020866394,0.9324120283126831,0,-0.11794199794530869,-0.058329999446868896,0.014223000034689903,1
B37,mixamorig_RightLeg,36,0.9774870276451111,-0.1640769988298416,-0.13266000151634216,0,0.1159920021891594,0.9430639743804932,-0.3117310106754303,0,0.176254004240036,0.289326012134552,0.9408640265464783,0,0,0.37613898515701294,0,1
B38,mixamorig_RightFoot,37,0.972527027130127,0.17195600271224976,0.15691600739955902,0,-0.22051900625228882,0.46453699469566345,0.8576580286026001,0,0.07458599656820297,-0.868698000907898,0.4896939992904663,0,0,0.3120209872722626,0,1
B39,mixamorig_RightToeBase,38,0.9906780123710632,-0.0019729998894035816,0.13620899617671967,0,-0.07734400033950806,0.81495201587677,0.5743439793586731,0,-0.11213699728250504,-0.5795249938964844,0.8072019815444946,0,0,0.13944600522518158,0,1
B40,mixamorig_RightToe_End,39,1,0,0,0,0,1,0,0,0,0,1,0,0,0.059328000992536545,0,1
@34,0,1,2,3,4,5,7,8,9,10,11,12,13,15,16,17,19,20,21,22,23,24,25,27,28,29,31,32,33,34,36,37,38,39
K0,0.9935029745101929,-0.026443149894475937,0.11068706959486008,0,0.008554849773645401,0.9872309565544128,0.15906310081481934,0,-0.11347992718219757,-0.15708288550376892,0.9810439944267273,0,0.002747999969869852,0.827476978302002,-0.04231199994683266,1,0.9996659755706787,0.008572997525334358,0.02439008094370365,0,-0.006350002717226744,0.9959390163421631,-0.08980292081832886,0,-0.025060920044779778,0.08961806446313858,0.9956609606742859,0,0,0.1048789992928505,-0.00846800021827221,1,0.9998059868812561,0.0040680961683392525,0.019255097955465317,0,-0.0037689039018005133,0.9998720288276672,-0.015549288131296635,0,-0.01931590400636196,0.015473712235689163,0.9996940493583679,0,0,0.12275700271129608,0,1,0.999809980392456,0.004341755528002977,0.018986918032169342,0,-0.0040462445467710495,0.999871015548706,-0.015574897639453411,0,-0.019052080810070038,0.015495103783905506,0.9996979832649231,0,0,0.14029400050640106,0,1,0.9990449547767639,-0.02354726940393448,-0.03681228309869766,0,0.025129731744527817,0.998753011226654,0.04313305392861366,0,0.03575071692466736,-0.044016946107149124,0.9983910322189331,0,0,0.15783099830150604,0,1,0.991038978099823,-0.018814099952578545,-0.13223794102668762,0,0.02162790112197399,0.9995689988136292,0.019874028861522675,0,0.13180707395076752,-0.022555971518158913,0.9910189509391785,0,0,0.12161500006914139,0.04599099978804588,1,0.06421726197004318,0.028354384005069733,-0.9975329637527466,0,0.9831718802452087,-0.1731053739786148,0.05837230011820793,0,-0.17102324962615967,-0.9844949245452881,-0.03899356722831726,0,0.05946800112724304,0.139056995511055,-0.0026279999874532223,1,0.6285529136657715,0.6863681674003601,-0.36581575870513916,0,-0.02421477437019348,0.487382173538208,0.8728528618812561,0,0.7773902416229248,-0.5397759675979614,0.32296568155288696,0,0,0.1261260062456131,0,1,0.859123945236206,0.5111860632896423,0.024398986250162125,0,-0.5117669701576233,0.8580690026283264,0.04255789518356323,0,0.0008189865038730204,-0.04904910922050476,0.9987959861755371,0,0,0.2891539931297302,0,1,0.990738034248352,0.020091189071536064,0.1342935860157013,0,-0.026892811059951782,0.9984350800514221,0.04902677237987518,0,-0.13309842348098755,-0.052184224128723145,0.9897279143333435,0,0,0.3011240065097809,0,1,0.7697031497955322,0.6303267478942871,-0.10121563076972961,0,-0.6382341980934143,0.7561379075050354,-0.144611656665802,0,-0.014619626104831696,0.17590734362602234,0.9842979311943054,0,-0.03675299882888794,0.039733998477458954,0,1,0.8639079332351685,-0.4984351694583893,-0.07229407876729965,0,0.49561789631843567,0.8157921433448792,0.298071026802063,0,-0.0895920842885971,-0.2933359444141388,0.9518020153045654,0,-0.008639000356197357,0.04242999851703644,0,1,0.9917910695075989,-0.12780793011188507,-0.003957232926040888,0,0.12741409242153168,0.98517906665802,0.11484278738498688,0,-0.010779233649373055,-0.11440423130989075,0.9933760166168213,0,0.0020920000970363617,0.029895000159740448,0,1,0.9981539845466614,-0.05981197953224182,0.01049890462309122,0,0.06067401543259621,0.9750889539718628,-0.21335642039775848,0,0.0025239046663045883,0.21359959244728088,0.9769180417060852,0,0,0.07330600172281265,0,1,0.997628927230835,0.06847339123487473,0.006903043016791344,0,-0.06583260744810104,0.920269250869751,0.3857075572013855,0,0.02005804516375065,-0.38524743914604187,0.9225949048995972,0,-0.0002859999949578196,0.04616599902510643,0,1,0.9898950457572937,0.14056779444217682,0.018693111836910248,0,-0.14149221777915955,0.9703368544578552,0.19602441787719727,0,0.009416109882295132,-0.19668856263160706,0.9804210662841797,0,-0.0012700000079348683,0.03544500097632408,0,1,0.03769669309258461,-0.029589973390102386,0.9988510608673096,0,-0.9829580187797546,-0.18106794357299805,0.0317329540848732,0,0.17992092669010162,-0.983025074005127,-0.03591139614582062,0,-0.05946800112724304,0.1388780027627945,-0.0004189999890513718,1,0.6936658024787903,-0.6675329208374023,0.27060553431510925,0,0.07749812304973602,0.4426710903644562,0.8933289647102356,0,-0.7161156535148621,-0.5987002849578857,0.3587982952594757,0,0,0.1261260062456131,0,1,0.9053629040718079,-0.4244263768196106,-0.013436147011816502,0,0.42459267377853394,0.9052791595458984,0.01385306753218174,0,0.00628385366871953,-0.018246933817863464,0.999813973903656,0,0,0.2885870039463043,0,1,0.8823239207267761,-0.09932062029838562,-0.46004411578178406,0,-0.0518106147646904,0.9510409832000732,-0.3046919107437134,0,0.4677828252315521,0.2926720380783081,0.8339800238609314,0,0,0.3011229932308197,0,1,0.8483589887619019,-0.529219925403595,0.014596102759242058,0,0.5113090872764587,0.8261740207672119,0.23664458096027374,0,-0.1372959166765213,-0.1932964026927948,0.9714869260787964,0,0.021580999717116356,0.04083599895238876,0,1,0.6513639092445374,0.6164649128913879,0.4423763155937195,0,-0.6816081404685974,0.7315468192100525,-0.015819111838936806,0,-0.33337071537971497,-0.29122310876846313,0.8966900706291199,0,-0.00020900000527035445,0.0369499996304512,0,1,0.9615160822868347,-0.14805282652378082,0.2314480096101761,0,0.1524941474199295,0.9883039593696594,-0.0013150948798283935,0,-0.22854599356651306,0.036558907479047775,0.9728459715843201,0,0.006146000232547522,0.03344700112938881,0,1,0.9955139756202698,0.04639710858464241,-0.08245610445737839,0,-0.061914898455142975,0.9784569144248962,-0.19694814085960388,0,0.07154190540313721,0.20116983354091644,0.9769399762153625,0,0,0.05239399895071983,0,1,0.9972599744796753,-0.073060043156147,-0.011631766334176064,0,0.07125495374202728,0.9062950015068054,0.4165969789028168,0,-0.019894767552614212,-0.41628405451774597,0.9090170860290527,0,-0.0001539999939268455,0.05113700032234192,0,1,0.9926900267601013,-0.11976292729377747,-0.014954989776015282,0,0.1201910674571991,0.9696540236473083,0.212896928191185,0,-0.010995990596711636,-0.21313805878162384,0.9769599437713623,0,0.0013310000067576766,0.04454199969768524,0,1,-0.9459078907966614,-0.07735489308834076,0.3150770962238312,0,0.18218408524990082,-0.9302300214767456,0.3185618221759796,0,0.26845189929008484,0.3587321937084198,0.8940048813819885,0,0.11794199794530869,-0.058329999446868896,0.014361999928951263,1,0.9888239502906799,0.12638629972934723,0.07908612489700317,0,-0.08762669563293457,0.9218310117721558,-0.3775559067726135,0,-0.12062187492847443,0.366406112909317,0.9226029515266418,0,0,0.37615400552749634,0,1,0.9582740664482117,-0.1907949447631836,-0.21285584568977356,0,0.2751060426235199,0.4133369028568268,0.8680260181427002,0,-0.07763383537530899,-0.8903650045394897,0.44857901334762573,0,0,0.312406986951828,0,1,0.99058598279953,0.0021208571270108223,-0.13687285780906677,0,0.07673586159944534,0.8194049596786499,0.5680550336837769,0,0.11335916072130203,-0.5732109546661377,0.8115290403366089,0,0,0.1411529928445816,0,1,-0.9791150689125061,-0.00804080255329609,-0.20314761996269226,0,-0.054190803319215775,-0.9527458548545837,0.29889535903930664,0,-0.1959514021873474,0.30366164445877075,0.9324120879173279,0,-0.11794199794530869,-0.058329999446868896,0.014223000034689903,1,0.9774870276451111,-0.16407684981822968,-0.1326596438884735,0,0.11599211394786835,0.9430638551712036,-0.3117312490940094,0,0.17625436186790466,0.2893257141113281,0.940864086151123,0,0,0.37613898515701294,0,1,0.9725269079208374,0.17195619642734528,0.15691618621349335,0,-0.2205187827348709,0.46453702449798584,0.8576579689979553,0,0.07458619773387909,-0.8686979413032532,0.4896940588951111,0,0,0.3120209872722626,0,1,0.9906780123710632,-0.00197297683916986,0.13620905578136444,0,-0.07734397798776627,0.8149518966674805,0.5743440985679626,0,-0.11213695257902145,-0.5795248746871948,0.8072021007537842,0,0,0.13944600522518158,0,1
K0.034,0.993506669998169,-0.02873469889163971,0.11008339375257492,0,0.010848989710211754,0.9870986938476562,0.15974654257297516,0,-0.11325341463088989,-0.15751491487026215,0.9810006022453308,0,0.002979497890919447,0.8273769021034241,-0.041978619992733,1,0.99968421459198,0.006817024666815996,0.024207189679145813,0,-0.004606138914823532,0.9959097504615784,-0.09024001657962799,0,-0.024723323062062263,0.09009994566440582,0.9956257939338684,0,0,0.1048789992928505,-0.00846800021827221,1,0.9998151659965515,0.0029900213703513145,0.019018296152353287,0,-0.002686666091904044,0.9998689889907837,-0.015956232324242592,0,-0.01906351000070572,0.015902183949947357,0.9996920228004456,0,0,0.12275700271129608,0,1,0.9998181462287903,0.003261849982663989,0.018789958208799362,0,-0.0029617329128086567,0.9998679757118225,-0.015977950766682625,0,-0.018839599564671516,0.01591939851641655,0.9996960163116455,0,0,0.14029400050640106,0,1,0.9990512728691101,-0.02249305322766304,-0.03729702904820442,0,0.024126676842570305,0.9987426996231079,0.043944913893938065,0,0.0362616591155529,-0.04480304569005966,0.9983371496200562,0,0,0.15783099830150604,0,1,0.9904229044914246,-0.025075484067201614,-0.13576993346214294,0,0.02685491181910038,0.9995752573013306,0.01129030529409647,0,0.1354292333126068,-0.014828274957835674,0.9906761646270752,0,0,0.12161500006914139,0.04599099978804588,1,0.0642690509557724,0.02832980453968048,-0.9975302815437317,0,0.9833812713623047,-0.17187801003456116,0.058476123958826065,0,-0.16979698836803436,-0.9847112894058228,-0.038905445486307144,0,0.05946800112724304,0.139056995511055,-0.0026279999874532223,1,0.6317396759986877,0.6838411688804626,-0.36505618691444397,0,-0.02390211820602417,0.48789089918136597,0.8725778460502625,0,0.7748122811317444,-0.5425164103507996,0.3245653212070465,0,0,0.1261260062456131,0,1,0.8590612411499023,0.5112916231155396,0.02440512739121914,0,-0.5118728876113892,0.8580061197280884,0.0425664559006691,0,0.0008241255418397486,-0.049059510231018066,0.9987959861755371,0,0,0.2891539931297302,0,1,0.9909876585006714,0.011095850728452206,0.13349181413650513,0,-0.018291423097252846,0.9984379410743713,0.05279767885804176,0,-0.13269740343093872,-0.05476358160376549,0.9896421432495117,0,0,0.3011240065097809,0,1,0.7697030901908875,0.6303268074989319,-0.10121513158082962,0,-0.6382341980934143,0.7561378479003906,-0.14461183547973633,0,-0.014620126225054264,0.175907164812088,0.9842979311943054,0,-0.03675299882888794,0.039733998477458954,0,1,0.8639079332351685,-0.4984351694583893,-0.07229407876729965,0,0.49561789631843567,0.8157921433448792,0.298071026802063,0,-0.0895920842885971,-0.2933359444141388,0.9518020153045654,0,-0.008639000356197357,0.04242999851703644,0,1,0.9917910695075989,-0.12780793011188507,-0.003957232926040888,0,0.12741409242153168,0.98517906665802,0.11484278738498688,0,-0.010779233649373055,-0.11440423130989075,0.9933760166168213,0,0.0020920000970363617,0.029895000159740448,0,1,0.9981539845466614,-0.05981197953224182,0.01049890462309122,0,0.06067401543259621,0.9750889539718628,-0.21335642039775848,0,0.0025239046663045883,0.21359959244728088,0.9769180417060852,0,0,0.07330600172281265,0,1,0.9976289868354797,0.06847290694713593,0.006902929395437241,0,-0.06583209335803986,0.9202690124511719,0.38570696115493774,0,0.020057931542396545,-0.38524702191352844,0.9225950837135315,0,-0.0002859999949578196,0.04616599902510643,0,1,0.9898948669433594,0.14056727290153503,0.018693022429943085,0,-0.14149171113967896,0.9703370332717896,0.19602395594120026,0,0.009416024200618267,-0.19668808579444885,0.9804210066795349,0,-0.0012700000079348683,0.03544500097632408,0,1,0.037684738636016846,-0.02969815768301487,0.998848021030426,0,-0.982387900352478,-0.18416304886341095,0.03158814460039139,0,0.18301278352737427,-0.9824467897415161,-0.03611528500914574,0,-0.05946800112724304,0.1388780027627945,-0.0004189999890513718,1,0.690239429473877,-0.6701043844223022,0.27300146222114563,0,0.07772345840930939,0.44377171993255615,0.8927628993988037,0,-0.7193950414657593,-0.5950018763542175,0.35839179158210754,0,0,0.1261260062456131,0,1,0.9045327305793762,-0.42619189620018005,-0.01346350833773613,0,0.42635852098464966,0.9044468998908997,0.01391075924038887,0,0.006248379126191139,-0.018323030322790146,0.9998129606246948,0,0,0.2885870039463043,0,1,0.8835470080375671,-0.09318573027849197,-0.45897960662841797,0,-0.05582817643880844,0.9520623087882996,-0.3007659912109375,0,0.4650041460990906,0.29136478900909424,0.835989236831665,0,0,0.3011229932308197,0,1,0.8483591675758362,-0.5292195677757263,0.014596262015402317,0,0.5113084316253662,0.826173722743988,0.236643984913826,0,-0.13729575276374817,-0.19329601526260376,0.9714869856834412,0,0.021580999717116356,0.04083599895238876,0,1,0.6513631343841553,0.6164648532867432,0.4423770010471344,0,-0.6816081404685974,0.7315467596054077,-0.01582012139260769,0,-0.33337199687957764,-0.29122307896614075,0.8966899514198303,0,-0.00020900000527035445,0.0369499996304512,0,1,0.9615160822868347,-0.14805291593074799,0.23144802451133728,0,0.15249408781528473,0.9883029460906982,-0.001315083121880889,0,-0.22854599356651306,0.03655891492962837,0.9728459715843201,0,0.006146000232547522,0.03344700112938881,0,1,0.9955139756202698,0.04639707878232002,-0.08245611190795898,0,-0.061914920806884766,0.9784570932388306,-0.19694866240024567,0,0.07154189050197601,0.20117031037807465,0.976939857006073,0,0,0.05239399895071983,0,1,0.9972599744796753,-0.07305995374917984,-0.011632279492914677,0,0.07125502079725266,0.9062941670417786,0.41659674048423767,0,-0.019894279539585114,-0.4162841737270355,0.9090169072151184,0,-0.0001539999939268455,0.05113700032234192,0,1,0.9926900267601013,-0.11976292729377747,-0.014954989776015282,0,0.1201910674571991,0.9696540236473083,0.212896928191185,0,-0.010995990596711636,-0.21313805878162384,0.9769599437713623,0,0.0013310000067576766,0.04454199969768524,0,1,-0.9447054862976074,-0.078603096306324,0.3183591961860657,0,0.18535850942134857,-0.9288668632507324,0.32069870829582214,0,0.2705055773258209,0.36197662353515625,0.8920758962631226,0,0.11794199794530869,-0.058329999446868896,0.014361999928951263,1,0.9887326955795288,0.1274302899837494,0.07853864878416061,0,-0.08820699900388718,0.9198996424674988,-0.3821040987968445,0,-0.12093939632177353,0.3708714246749878,0.9207757711410522,0,0,0.37615400552749634,0,1,0.9573018550872803,-0.18936358392238617,-0.21843783557415009,0,0.279269814491272,0.4104804992675781,0.8680521845817566,0,-0.07471296191215515,-0.891990602016449,0.4458370804786682,0,0,0.312406986951828,0,1,0.9905518889427185,0.002488011959940195,-0.137115940451622,0,0.07673323899507523,0.8186179399490356,0.569189727306366,0,0.11366166174411774,-0.5743330717086792,0.8106921911239624,0,0,0.1411529928445816,0,1,-0.9792328476905823,-0.009945967234671116,-0.20249560475349426,0,-0.051964662969112396,-0.9531176686286926,0.2981061637401581,0,-0.195966899394989,0.3024376630783081,0.9328063130378723,0,-0.11794199794530869,-0.058329999446868896,0.014223000034689903,1,0.9774810671806335,-0.16368268430233002,-0.13319040834903717,0,0.11576762050390244,0.9436416625976562,-0.31006094813346863,0,0.17643563449382782,0.28765958547592163,0.9413411617279053,0,0,0.37613898515701294,0,1,0.9726566076278687,0.1724812239408493,0.15552742779254913,0,-0.2196662425994873,0.46581515669822693,0.8571829199790955,0,0.0754009559750557,-0.8679091334342957,0.49096670746803284,0,0,0.3120209872722626,0,1,0.9906559586524963,-0.0022078710608184338,0.1363634616136551,0,-0.07734024524688721,0.8144546747207642,0.575049877166748,0,-0.11233148723840714,-0.580223023891449,0.806673526763916,0,0,0.13944600522518158,0,1
K0.067,0.9935876131057739,-0.029591891914606094,0.10912304371595383,0,0.011832770891487598,0.9870573878288269,0.159929558634758,0,-0.11244335770606995,-0.15761283040046692,0.9810784459114075,0,0.0031678462401032448,0.8272444009780884,-0.04155167192220688,1,0.9997053146362305,0.004926066379994154,0.023756710812449455,0,-0.0027545385528355837,0.9958847761154175,-0.09058775752782822,0,-0.024105189368128777,0.09049563854932785,0.995604932308197,0,0,0.1048789992928505,-0.00846800021827221,1,0.9998262524604797,0.0017135986126959324,0.018575822934508324,0,-0.0014123510336503386,0.9998670220375061,-0.016218125820159912,0,-0.018601151183247566,0.016189079731702805,0.9996961355209351,0,0,0.12275700271129608,0,1,0.9998291730880737,0.00197920436039567,0.018394911661744118,0,-0.0016805692575871944,0.9998670220375061,-0.0162359569221735,0,-0.018424589186906815,0.016202261671423912,0.999699056148529,0,0,0.14029400050640106,0,1,0.9990863800048828,-0.020138708874583244,-0.037696514278650284,0,0.02186565473675728,0.9987034201622009,0.045974601060152054,0,0.03672175109386444,-0.04675683751702309,0.9982308745384216,0,0,0.15783099830150604,0,1,0.9894701242446899,-0.03578498959541321,-0.14024357497692108,0,0.03580309823155403,0.9993559122085571,-0.0023947071749716997,0,0.14023897051811218,-0.002651663962751627,0.9901142716407776,0,0,0.12161500006914139,0.04599099978804588,1,0.06381165981292725,0.02820291370153427,-0.997563362121582,0,0.9837886691093445,-0.1696472316980362,0.05813434347510338,0,-0.1675942838191986,-0.9851014018058777,-0.03857123851776123,0,0.05946800112724304,0.139056995511055,-0.0026279999874532223,1,0.6330748796463013,0.6828432083129883,-0.36461248993873596,0,-0.024155104532837868,0.4882170259952545,0.8723883032798767,0,0.7737132906913757,-0.5434790253639221,0.32557156682014465,0,0,0.1261260062456131,0,1,0.8590693473815918,0.5112771391868591,0.024404382333159447,0,-0.5118586421012878,0.858014702796936,0.04256555810570717,0,0.0008234789711423218,-0.049058374017477036,0.9987959265708923,0,0,0.2891539931297302,0,1,0.9910528063774109,0.005287159699946642,0.13336563110351562,0,-0.013034788891673088,0.9982722997665405,0.057287171483039856,0,-0.13283240795135498,-0.05851304531097412,0.9894101619720459,0,0,0.3011240065097809,0,1,0.7697031497955322,0.6303268671035767,-0.10121544450521469,0,-0.6382342576980591,0.7561378479003906,-0.1446111500263214,0,-0.014619453810155392,0.17590685188770294,0.9842979907989502,0,-0.03675299882888794,0.039733998477458954,0,1,0.8639079332351685,-0.4984351694583893,-0.07229407876729965,0,0.49561789631843567,0.8157921433448792,0.298071026802063,0,-0.0895920842885971,-0.2933359444141388,0.9518020153045654,0,-0.008639000356197357,0.04242999851703644,0,1,0.9917910695075989,-0.12780793011188507,-0.003957232926040888,0,0.12741409242153168,0.98517906665802,0.11484278738498688,0,-0.010779233649373055,-0.11440423130989075,0.9933760166168213,0,0.0020920000970363617,0.029895000159740448,0,1,0.9981539845466614,-0.05981197953224182,0.010498903691768646,0,0.06067401543259621,0.9750889539718628,-0.2133564054965973,0,0.002523904200643301,0.2135995775461197,0.9769180417060852,0,0,0.07330600172281265,0,1,0.9976289868354797,0.06847286969423294,0.0069029186852276325,0,-0.06583212316036224,0.9202700853347778,0.3857070207595825,0,0.02005792036652565,-0.38524702191352844,0.9225959777832031,0,-0.0002859999949578196,0.04616599902510643,0,1,0.9898950457572937,0.14056777954101562,0.018693143501877785,0,-0.14149221777915955,0.9703369736671448,0.19602492451667786,0,0.009416140615940094,-0.19668900966644287,0.9804209470748901,0,-0.0012700000079348683,0.03544500097632408,0,1,0.0376061275601387,-0.029880506917834282,0.9988459348678589,0,-0.9813471436500549,-0.1896853744983673,0.03127285838127136,0,0.18853189051151276,-0.9813899993896484,-0.036456454545259476,0,-0.05946800112724304,0.1388780027627945,-0.0004189999890513718,1,0.6890145540237427,-0.6697893738746643,0.27684029936790466,0,0.07676048576831818,0.44727566838264465,0.8910964727401733,0,-0.7206706404685974,-0.5927278399467468,0.3595926761627197,0,0,0.1261260062456131,0,1,0.9031245708465576,-0.4291660189628601,-0.013509642332792282,0,0.4293341636657715,0.903037428855896,0.014007549732923508,0,0.006188149098306894,-0.018450714647769928,0.9998109936714172,0,0,0.2885870039463043,0,1,0.8867610692977905,-0.08915309607982635,-0.45354989171028137,0,-0.057861290872097015,0.9520949721336365,-0.3002786338329315,0,0.4585932493209839,0.2925183176994324,0.8391219973564148,0,0,0.3011229932308197,0,1,0.8483589887619019,-0.529219925403595,0.014596106484532356,0,0.5113090872764587,0.8261740207672119,0.23664456605911255,0,-0.1372959017753601,-0.1932963877916336,0.9714869260787964,0,0.021580999717116356,0.04083599895238876,0,1,0.6513639092445374,0.6164649128913879,0.4423763155937195,0,-0.6816081404685974,0.7315468192100525,-0.015819126740098,0,-0.33337071537971497,-0.29122307896614075,0.8966900706291199,0,-0.00020900000527035445,0.0369499996304512,0,1,0.9615160822868347,-0.14805282652378082,0.2314480096101761,0,0.1524941474199295,0.9883039593696594,-0.0013150948798283935,0,-0.22854599356651306,0.036558907479047775,0.9728459715843201,0,0.006146000232547522,0.03344700112938881,0,1,0.9955139756202698,0.04639710858464241,-0.08245610445737839,0,-0.061914898455142975,0.9784569144248962,-0.19694814085960388,0,0.07154190540313721,0.20116983354091644,0.9769399762153625,0,0,0.05239399895071983,0,1,0.9972599744796753,-0.07305993139743805,-0.011632265523076057,0,0.07125506550073624,0.9062950015068054,0.4165969491004944,0,-0.01989426650106907,-0.4162839949131012,0.9090169668197632,0,-0.0001539999939268455,0.05113700032234192,0,1,0.9926900267601013,-0.11976292729377747,-0.014954989776015282,0,0.1201910674571991,0.9696540236473083,0.212896928191185,0,-0.010995990596711636,-0.21313805878162384,0.9769599437713623,0,0.0013310000067576766,0.04454199969768524,0,1,-0.9439084529876709,-0.07761586457490921,0.32095664739608765,0,0.18580512702465057,-0.9283487200737,0.3219389319419861,0,0.27297213673591614,0.36351630091667175,0.8906978368759155,0,0.11794199794530869,-0.058329999446868896,0.014361999928951263,1,0.9890472292900085,0.12833522260189056,0.07291532307863235,0,-0.09084395319223404,0.9186130166053772,-0.38457557559013367,0,-0.116335429251194,0.373739093542099,0.9202091693878174,0,0,0.37615400552749634,0,1,0.9572932124137878,-0.18926915526390076,-0.21855804324150085,0,0.2791614830493927,0.40840184688568115,0.869066596031189,0,-0.07522793859243393,-0.8929640650749207,0.44379672408103943,0,0,0.312406986951828,0,1,0.9905307292938232,0.002708246000111103,-0.13726115226745605,0,0.07673182338476181,0.8181446194648743,0.5698696970939636,0,0.1138429194688797,-0.5750062465667725,0.8101903200149536,0,0,0.1411529928445816,0,1,-0.9793303608894348,-0.009787563234567642,-0.20203110575675964,0,-0.05192852020263672,-0.9531850218772888,0.2978973686695099,0,-0.1954885870218277,0.30223092436790466,0.9329742193222046,0,-0.11794199794530869,-0.058329999446868896,0.014223000034689903,1,0.9776087999343872,-0.1626463681459427,-0.13352128863334656,0,0.11441507935523987,0.943360447883606,-0.31141817569732666,0,0.1766095757484436,0.28916803002357483,0.940845787525177,0,0,0.37613898515701294,0,1,0.9729790687561035,0.17254827916622162,0.15342292189598083,0,-0.2177768051624298,0.46504560112953186,0.8580820560455322,0,0.07671193778514862,-0.8683079481124878,0.49005669355392456,0,0,0.3120209872722626,0,1,0.9906489253044128,-0.002285253256559372,0.1364152729511261,0,-0.07733988016843796,0.8142893314361572,0.5752840042114258,0,-0.11239619553089142,-0.5804548859596252,0.8064982891082764,0,0,0.13944600522518158,0,1
K0.101,0.9936243295669556,-0.030204668641090393,0.10861917585134506,0,0.012589331716299057,0.9871437549591064,0.15933912992477417,0,-0.11203549802303314,-0.156955748796463,0.9812300801277161,0,0.003345328150317073,0.8270798921585083,-0.04102570563554764,1,0.9997233748435974,0.0034096231684088707,0.023286044597625732,0,-0.0012828801991418004,0.9958734512329102,-0.09074224531650543,0,-0.02349933423101902,0.09068720042705536,0.9956016540527344,0,0,0.1048789992928505,-0.00846800021827221,1,0.999835193157196,0.0006072745309211314,0.018142998218536377,0,-0.00031187740387395024,0.9998669624328613,-0.01627998612821102,0,-0.018150482326745987,0.01627165451645851,0.9997031092643738,0,0,0.12275700271129608,0,1,0.9998372197151184,0.0008676962461322546,0.018009895458817482,0,-0.0005741436034440994,0.9998669624328613,-0.01629829965531826,0,-0.01802164874970913,0.016285313293337822,0.9997050762176514,0,0,0.14029400050640106,0,1,0.9990488290786743,-0.020132334902882576,-0.03868940472602844,0,0.02193441055715084,0.9986662268638611,0.046732787042856216,0,0.0376969538629055,-0.04753695800900459,0.998157799243927,0,0,0.15783099830150604,0,1,0.9887183904647827,-0.041721317917108536,-0.14386086165905,0,0.04039487987756729,0.9991102814674377,-0.012130043469369411,0,0.1442388892173767,0.006181952077895403,0.9895235896110535,0,0,0.12161500006914139,0.04599099978804588,1,0.06353618949651718,0.02815941907465458,-0.9975820779800415,0,0.9838159084320068,-0.1695765256881714,0.0578727200627327,0,-0.1675369292497635,-0.9851149320602417,-0.03847801312804222,0,0.05946800112724304,0.139056995511055,-0.0026279999874532223,1,0.6344702839851379,0.6808215975761414,-0.36596474051475525,0,-0.02351728454232216,0.49025025963783264,0.8712641000747681,0,0.7725896239280701,-0.5441845655441284,0.3270602524280548,0,0,0.1261260062456131,0,1,0.8586627840995789,0.5119580030441284,0.024437688291072845,0,-0.5125401616096497,0.8576046824455261,0.042621977627277374,0,0.0008627845090813935,-0.04912318289279938,0.9987919330596924,0,0,0.2891539931297302,0,1,0.9911481142044067,-0.0014382522786036134,0.13275004923343658,0,-0.006952918600291014,0.9980066418647766,0.06272508949041367,0,-0.13257567584514618,-0.06309287250041962,0.9891626238822937,0,0,0.3011240065097809,0,1,0.7697030901908875,0.6303268671035767,-0.1012149453163147,0,-0.6382341980934143,0.7561378479003906,-0.14461132884025574,0,-0.014619945548474789,0.17590667307376862,0.984298050403595,0,-0.03675299882888794,0.039733998477458954,0,1,0.8639079332351685,-0.4984351694583893,-0.07229407131671906,0,0.49561789631843567,0.8157921433448792,0.2980709969997406,0,-0.08959206938743591,-0.2933359146118164,0.9518020153045654,0,-0.008639000356197357,0.04242999851703644,0,1,0.9917910695075989,-0.12780793011188507,-0.003957232926040888,0,0.12741409242153168,0.98517906665802,0.11484278738498688,0,-0.010779233649373055,-0.11440423130989075,0.9933760166168213,0,0.0020920000970363617,0.029895000159740448,0,1,0.9981539845466614,-0.05981197953224182,0.010498889721930027,0,0.06067401543259621,0.9750890135765076,-0.21335594356060028,0,0.0025238897651433945,0.2135990709066391,0.9769179821014404,0,0,0.07330600172281265,0,1,0.9976289868354797,0.06847288459539413,0.00690291915088892,0,-0.06583213061094284,0.9202700257301331,0.38570716977119446,0,0.02005792036652565,-0.3852468430995941,0.9225951433181763,0,-0.0002859999949578196,0.04616599902510643,0,1,0.9898950457572937,0.14056777954101562,0.018693072721362114,0,-0.14149218797683716,0.9703369736671448,0.19602394104003906,0,0.009416071698069572,-0.19668807089328766,0.9804210066795349,0,-0.0012700000079348683,0.03544500097632408,0,1,0.037677694112062454,-0.030044637620449066,0.9988386034965515,0,-0.9805317521095276,-0.19387304782867432,0.03115546889603138,0,0.19271187484264374,-0.9805667400360107,-0.03676436096429825,0,-0.05946800112724304,0.1388780027627945,-0.0004189999890513718,1,0.687335729598999,-0.6698967218399048,0.28072789311408997,0,0.07535208016633987,0.45017582178115845,0.8897553086280823,0,-0.7224209308624268,-0.5904070734977722,0.35989996790885925,0,0,0.1261260062456131,0,1,0.9018301963806152,-0.43187832832336426,-0.013552079908549786,0,0.4320474863052368,0.901741087436676,0.014096282422542572,0,0.006132586859166622,-0.018567590042948723,0.9998090267181396,0,0,0.2885870039463043,0,1,0.8889268636703491,-0.08718273043632507,-0.44967591762542725,0,-0.05965493619441986,0.9513230919837952,-0.30236849188804626,0,0.45414793491363525,0.29560860991477966,0.8404549956321716,0,0,0.3011229932308197,0,1,0.8483589291572571,-0.5292199850082397,0.014596214517951012,0,0.511309027671814,0.8261739015579224,0.23664410412311554,0,-0.13729578256607056,-0.19329597055912018,0.9714870452880859,0,0.021580999717116356,0.04083599895238876,0,1,0.6513639092445374,0.6164650321006775,0.44237610697746277,0,-0.6816080212593079,0.7315468788146973,-0.0158196110278368,0,-0.3333708941936493,-0.29122260212898254,0.8966901302337646,0,-0.00020900000527035445,0.0369499996304512,0,1,0.9615160822868347,-0.14805282652378082,0.2314480096101761,0,0.1524941474199295,0.9883039593696594,-0.0013150948798283935,0,-0.22854599356651306,0.036558907479047775,0.9728459715843201,0,0.006146000232547522,0.03344700112938881,0,1,0.9955139756202698,0.04639710858464241,-0.08245610445737839,0,-0.061914898455142975,0.9784569144248962,-0.19694814085960388,0,0.07154190540313721,0.20116983354091644,0.9769399762153625,0,0,0.05239399895071983,0,1,0.9972599744796753,-0.07305993139743805,-0.011632265523076057,0,0.07125506550073624,0.9062950015068054,0.4165969491004944,0,-0.01989426650106907,-0.4162839949131012,0.9090169668197632,0,-0.0001539999939268455,0.05113700032234192,0,1,0.9926900267601013,-0.11976292729377747,-0.014954989776015282,0,0.1201910674571991,0.9696540236473083,0.212896928191185,0,-0.010995990596711636,-0.21313805878162384,0.9769599437713623,0,0.0013310000067576766,0.04454199969768524,0,1,-0.943698525428772,-0.07753385603427887,0.3215937614440918,0,0.18604768812656403,-0.9282239079475403,0.32215842604637146,0,0.2735328674316406,0.36385226249694824,0.8903886079788208,0,0.11794199794530869,-0.058329999446868896,0.014361999928951263,1,0.9891124963760376,0.12936852872371674,0.0701475664973259,0,-0.09250524640083313,0.9172888994216919,-0.38732948899269104,0,-0.11445382982492447,0.3766234219074249,0.9192692041397095,0,0,0.37615400552749634,0,1,0.9572507739067078,-0.18928149342536926,-0.2187321037054062,0,0.2791261672973633,0.4060487151145935,0.8701797127723694,0,-0.07589306682348251,-0.8940345048904419,0.44152408838272095,0,0,0.312406986951828,0,1,0.9905104041099548,0.0029241275042295456,-0.13740399479866028,0,0.07673100382089615,0.8176810145378113,0.5705355405807495,0,0.114020936191082,-0.5756644606590271,0.8096970915794373,0,0,0.1411529928445816,0,1,-0.9793506860733032,-0.008577799424529076,-0.20198556780815125,0,-0.05292143300175667,-0.95338374376297,0.2970834970474243,0,-0.19511812925338745,0.3016383945941925,0.9332433938980103,0,-0.11794199794530869,-0.058329999446868896,0.014223000034689903,1,0.9779065251350403,-0.1605600118637085,-0.13386477530002594,0,0.11189527064561844,0.9429478645324707,-0.3135746121406555,0,0.17657503485679626,0.2916678488254547,0.9400807619094849,0,0,0.37613898515701294,0,1,0.9731661677360535,0.17182405292987823,0.15304827690124512,0,-0.21694518625736237,0.4634443521499634,0.8591591715812683,0,0.07669487595558167,-0.869307816028595,0.48828479647636414,0,0,0.3120209872722626,0,1,0.9906491041183472,-0.002292242832481861,0.1364130824804306,0,-0.07733909785747528,0.8142571449279785,0.5753288269042969,0,-0.11239421367645264,-0.5804994702339172,0.8064664602279663,0,0,0.13944600522518158,0,1
