10.233,30,307,33
B0,mixamorig_Hips,-1,-0.9996539950370789,0.01949400082230568,-0.017635000869631767,0,0.02025499939918518,0.9988250136375427,-0.04403400048613548,0,0.016755999997258186,-0.04437600076198578,-0.9988740086555481,0,-0.0017579999985173345,0.7926290035247803,-0.013461999595165253,1
B1,mixamorig_Spine,0,0.9999949932098389,-0.0007910000276751816,0.0031900000758469105,0,0.0006050000083632767,0.9983180165290833,0.057978998869657516,0,-0.0032309999223798513,-0.05797699838876724,0.9983130097389221,0,0,0.10938599705696106,0.008566999807953835,1
B2,mixamorig_Spine1,1,0.9990249872207642,0.0016980000073090196,0.04412100091576576,0,-0.0006730000022798777,0.9997299909591675,-0.023236999288201332,0,-0.044149000197649,0.02318499982357025,0.9987559914588928,0,0,0.12800799310207367,0,1
B3,mixamorig_Spine2,2,0.9990260004997253,0.0007520000217482448,0.04412100091576576,0,0.0002680000034160912,0.9997329711914062,-0.023113999515771866,0,-0.044126998633146286,0.023103000596165657,0.9987589716911316,0,0,0.1462949961423874,0,1
B4,mixamorig_Neck,3,0.9996579885482788,0.017653999850153923,-0.01927500031888485,0,-0.018939999863505363,0.9974550008773804,-0.0687360018491745,0,0.018012000247836113,0.0690779983997345,0.9974489808082581,0,0,0.16458100080490112,0,1
B5,mixamorig_Head,4,0.9978200197219849,-0.06305799633264542,0.019478999078273773,0,0.06476200371980667,0.9923660159111023,-0.1049560010433197,0,-0.01271199993789196,0.10598800331354141,0.9942860007286072,0,0,0.10778199881315231,-0.04061000049114227,1
B6,mixamorig_HeadTop_End,5,1,0,0,0,0,1,0,0,0,0,1,0,0,0.41888201236724854,-0.15782499313354492,1
B7,mixamorig_LeftShoulder,3,0.10757800191640854,-0.01179600041359663,0.9941269755363464,0,-0.9941310286521912,-0.01280600018799305,0.1074260026216507,0,0.01146399974822998,-0.9998480081558228,-0.013104000128805637,0,-0.05946800112724304,0.14647400379180908,0.0025889999233186245,1
B8,mixamorig_LeftArm,7,-0.9308220148086548,-0.3471289873123169,0.11433599889278412,0,0.0034149999264627695,0.3045710027217865,0.9524840116500854,0,-0.36545801162719727,0.8869829773902893,-0.2823159992694855,0,0,0.12572400271892548,0,1
B9,mixamorig_LeftForeArm,8,0.8740130066871643,-0.485275000333786,0.024676000699400902,0,0.48590001463890076,0.8730300068855286,-0.041471999138593674,0,-0.0014179999707266688,0.04823699966073036,0.998835027217865,0,0,0.2891159951686859,0,1
B10,mixamorig_LeftHand,9,0.9591990113258362,0.251460999250412,-0.12924599647521973,0,-0.27015700936317444,0.9499830007553101,-0.1566780060529709,0,0.08338399976491928,0.1852020025253296,0.9791569709777832,0,0,0.30175700783729553,0,1
B11,mixamorig_LeftHandIndex1,10,-0.06557299941778183,0.33700600266456604,0.9392160177230835,0,-0.03950300067663193,0.939628005027771,-0.33991101384162903,0,-0.9970660209655762,-0.059390999376773834,-0.04830100014805794,0,0,0.0744360014796257,0,1
B12,mixamorig_LeftHandIndex2,11,0.9175810217857361,0.39521199464797974,-0.043049998581409454,0,-0.2569440007209778,0.6721940040588379,0.6943590044975281,0,0.30335700511932373,-0.6260690093040466,0.7183399796485901,0,0,0.037973999977111816,0,1
B13,mixamorig_LeftHandIndex3,12,0.9131990075111389,0.31879499554634094,-0.2538459897041321,0,-0.21727000176906586,0.9078750014305115,0.35854798555374146,0,0.34476399421691895,-0.272271990776062,0.8983349800109863,0,-0.009380999952554703,0.0392020009458065,-0.027820000424981117,1
B14,mixamorig_LeftHandIndex4,13,1,0,0,0,0,1,0,0,0,0,1,0,0.00007400000322377309,0.018495000898838043,-0.02383499965071678,1
B15,mixamorig_RightShoulder,3,-0.1091810017824173,-0.030445000156760216,-0.993556022644043,0,0.9937509894371033,0.019972000271081924,-0.10981500148773193,0,0.023187000304460526,-0.9993370175361633,0.028074000030755997,0,0.05946800112724304,0.14629100263118744,0.00026199998683296144,1
B16,mixamorig_RightArm,15,-0.9312800168991089,0.3614700138568878,-0.04535200074315071,0,0.05741000175476074,0.2685509920120239,0.9615529775619507,0,0.35975199937820435,0.8928710222244263,-0.27084800601005554,0,0,0.12572400271892548,0,1
B17,mixamorig_RightForeArm,16,0.8896229863166809,0.45649001002311707,-0.013659000396728516,0,-0.4566580057144165,0.8895329833030701,-0.013961000367999077,0,0.005776999983936548,0.018657000735402107,0.9998090267181396,0,0,0.2883880138397217,0,1
B18,mixamorig_RightHand,17,0.9670779705047607,-0.24673399329185486,-0.06230999901890755,0,0.24706800282001495,0.9689949750900269,-0.002409999957308173,0,0.06097299978137016,-0.013063999824225903,0.998054027557373,0,0,0.3017599880695343,0,1
B19,mixamorig_RightHandIndex1,18,0.15880000591278076,-0.19844000041484833,-0.9671630263328552,0,0.10418400168418884,0.9774919748306274,-0.18345299363136292,0,0.981797993183136,-0.07163000106811523,0.17589999735355377,0,0,0.06465999782085419,0,1
B20,mixamorig_RightHandIndex2,19,0.8451439738273621,-0.534263014793396,0.01716100051999092,0,0.505649983882904,0.8094670176506042,0.2984659969806671,0,-0.1733500063419342,-0.2435690015554428,0.9542660117149353,0,0,0.03412000089883804,0,1
B21,mixamorig_RightHandIndex3,20,0.8926550149917603,-0.4334070086479187,0.12379699945449829,0,0.36364901065826416,0.8547599911689758,0.3703309893608093,0,-0.26631999015808105,-0.2855589985847473,0.9206140041351318,0,0.006159000098705292,0.05400099977850914,-0.017078999429941177,1
B22,mixamorig_RightHandIndex4,21,1,0,0,0,0,1,0,0,0,0,1,0,-0.003602999961003661,0.015111999586224556,-0.011832999996840954,1
B23,mixamorig_LeftUpLeg,0,-0.9971740245819092,0.014968999661505222,0.07362599670886993,0,-0.02475300058722496,-0.9906949996948242,-0.1338289976119995,0,0.07093799859285355,-0.13527299463748932,0.9882659912109375,0,-0.11793199926614761,-0.060787998139858246,-0.01422599982470274,1
B24,mixamorig_LeftLeg,23,0.9798370003700256,-0.16545100510120392,0.11200299859046936,0,0.08148500323295593,0.8427649736404419,0.5320789813995361,0,-0.18242500722408295,-0.512224018573761,0.8392540216445923,0,0,0.37598899006843567,0,1
B25,mixamorig_LeftFoot,24,-0.9816370010375977,-0.05511999875307083,0.1826220005750656,0,-0.19064399600028992,0.25011900067329407,-0.9492599964141846,0,0.006645999848842621,-0.9666450023651123,-0.2560350000858307,0,0,0.286314994096756,0,1
B26,mixamorig_LeftToeBase,25,0.9919139742851257,0.0014590000500902534,-0.1269029974937439,0,0.0740400031208992,0.8054789900779724,0.5879809856414795,0,0.10307499766349792,-0.5926229953765869,0.7988579869270325,0,0,0.1424960047006607,0,1
B27,mixamorig_LeftToe_End,26,1,0,0,0,0,1,0,0,0,0,1,0,0,0.059445999562740326,0,1
B28,mixamorig_RightUpLeg,0,-0.9751030206680298,-0.04141800105571747,-0.217849999666214,0,0.07209800183773041,-0.9882429838180542,-0.13482600450515747,0,-0.20970399677753448,-0.14717599749565125,0.9666249752044678,0,0.11793199926614761,-0.060787998139858246,-0.013914000242948532,1
B29,mixamorig_RightLeg,28,0.9898189902305603,0.1380240023136139,-0.03474000096321106,0,-0.10671000182628632,0.881181001663208,0.4605799913406372,0,0.09418299794197083,-0.4521830081939697,0.8869379758834839,0,0,0.3760089874267578,0,1
B30,mixamorig_RightFoot,29,-0.9763349890708923,0.11351999640464783,-0.1840759962797165,0,0.21237899363040924,0.3426460027694702,-0.9151440262794495,0,-0.040814001113176346,-0.9325810074806213,-0.3586469888687134,0,0,0.28599101305007935,0,1
B31,mixamorig_RightToeBase,30,0.9933249950408936,0,0.11535199731588364,0,-0.06906499713659286,0.8009499907493591,0.5947340130805969,0,-0.0923909991979599,-0.5987309813499451,0.7956029772758484,0,0,0.13997599482536316,0,1
B32,mixamorig_RightToe_End,31,1,0,0,0,0,1,0,0,0,0,1,0,0,0.059007998555898666,0,1
@28,0,1,2,3,4,5,7,8,9,10,11,12,13,15,16,17,18,19,20,21,23,24,25,26,28,29,30,31
K0,-0.9996540546417236,0.019494177773594856,-0.01763506606221199,0,0.020254824310541153,0.9988250136375427,-0.04403402656316757,0,0.016755934804677963,-0.04437597468495369,-0.9988740086555481,0,-0.0017579999985173345,0.7926290035247803,-0.013461999595165253,1,0.9999949336051941,-0.00079114775871858,0.003190248506143689,0,0.0006048522773198783,0.9983179569244385,0.057979121804237366,0,-0.0032307514920830727,-0.05797687545418739,0.9983130693435669,0,0,0.10938599705696106,0.008566999807953835,1,0.9990249872207642,0.0016980277141556144,0.044121239334344864,0,-0.0006729723536409438,0.9997299909591675,-0.023237178102135658,0,-0.0441487655043602,0.023184819146990776,0.9987559914588928,0,0,0.12800799310207367,0,1,0.9990260004997253,0.0007521362858824432,0.04412119835615158,0,0.00026813618023879826,0.9997329115867615,-0.02311384119093418,0,-0.04412680119276047,0.02310315892100334,0.9987590312957764,0,0,0.1462949961423874,0,1,0.9996579885482788,0.01765378937125206,-0.019274746999144554,0,-0.018940210342407227,0.9974550008773804,-0.06873619556427002,0,0.01801225356757641,0.06907780468463898,0.9974490404129028,0,0,0.16458100080490112,0,1,0.9978200197219849,-0.06305788457393646,0.019478993490338326,0,0.06476211547851562,0.9923660755157471,-0.10495568066835403,0,-0.012712002731859684,0.10598832368850708,0.9942860007286072,0,0,0.10778199881315231,-0.04061000049114227,1,0.10757806897163391,-0.011795359663665295,0.9941270351409912,0,-0.9941310882568359,-0.012805810198187828,0.10742659866809845,0,0.011463412083685398,-0.9998480677604675,-0.01310377661138773,0,-0.05946800112724304,0.14647400379180908,0.0025889999233186245,1,-0.9308220744132996,-0.3471285104751587,0.11433634907007217,0,0.0034144914243370295,0.3045710027217865,0.9524840116500854,0,-0.3654576539993286,0.8869830965995789,-0.2823159098625183,0,0,0.12572400271892548,0,1,0.8740130662918091,-0.48527494072914124,0.02467619813978672,0,0.48590004444122314,0.8730300664901733,-0.04147186502814293,0,-0.0014178035780787468,0.04823713377118111,0.998835027217865,0,0,0.2891159951686859,0,1,0.9591988921165466,0.2514612376689911,-0.12924642860889435,0,-0.27015671133995056,0.9499831199645996,-0.15667790174484253,0,0.08338353782892227,0.18520210683345795,0.9791569709777832,0,0,0.30175700783729553,0,1,-0.06557266414165497,0.3370055854320526,0.9392162561416626,0,-0.03950349614024162,0.9396278858184814,-0.3399112820625305,0,-0.997066080570221,-0.059391219168901443,-0.04830102622509003,0,0,0.0744360014796257,0,1,0.9175810217857361,0.39521196484565735,-0.043050069361925125,0,-0.2569440007209778,0.6721941232681274,0.6943588852882385,0,0.30335694551467896,-0.6260690689086914,0.7183399200439453,0,0,0.037973999977111816,0,1,0.9131988883018494,0.3187953531742096,-0.253846138715744,0,-0.2172696739435196,0.9078751802444458,0.35854771733283997,0,0.3447638750076294,-0.2722722589969635,0.8983349800109863,0,-0.009380999952554703,0.0392020009458065,-0.027820000424981117,1,-0.10918132215738297,-0.030444765463471413,-0.9935559630393982,0,0.9937509894371033,0.019972575828433037,-0.10981479287147522,0,0.023187121376395226,-0.9993369579315186,0.028073923662304878,0,0.05946800112724304,0.14629100263118744,0.00026199998683296144,1,-0.9312800168991089,0.361470103263855,-0.045352090150117874,0,0.057409923523664474,0.26855096220970154,0.9615529775619507,0,0.3597519099712372,0.892871081829071,-0.27084803581237793,0,0,0.12572400271892548,0,1,0.8896230459213257,0.4564899504184723,-0.013658899813890457,0,-0.45665812492370605,0.8895330429077148,-0.01396074891090393,0,0.005777101032435894,0.018657254055142403,0.9998090267181396,0,0,0.2883880138397217,0,1,0.967077910900116,-0.24673409759998322,-0.062310125678777695,0,0.2470679134130478,0.9689949750900269,-0.002410090994089842,0,0.06097286939620972,-0.013064091093838215,0.998054027557373,0,0,0.3017599880695343,0,1,0.15880006551742554,-0.19844017922878265,-0.9671629667282104,0,0.10418384522199631,0.9774919152259827,-0.18345332145690918,0,0.9817979335784912,-0.0716303288936615,0.1758999526500702,0,0,0.06465999782085419,0,1,0.845143735408783,-0.5342633128166199,0.01716071180999279,0,0.505649745464325,0.8094672560691833,0.2984658479690552,0,-0.17335031926631927,-0.24356915056705475,0.9542659521102905,0,0,0.03412000089883804,0,1,0.892655074596405,-0.43340691924095154,0.12379663437604904,0,0.36364904046058655,0.8547600507736206,0.370330810546875,0,-0.2663203477859497,-0.28555914759635925,0.9206138849258423,0,0.006159000098705292,0.05400099977850914,-0.017078999429941177,1,-0.9971741437911987,0.014969014562666416,0.07362619042396545,0,-0.024752987548708916,-0.9906951189041138,-0.13382886350154877,0,0.07093781977891922,-0.13527314364910126,0.9882659912109375,0,-0.11793199926614761,-0.060787998139858246,-0.01422599982470274,1,0.9798370003700256,-0.1654510647058487,0.112002894282341,0,0.08148495107889175,0.8427649736404419,0.5320789813995361,0,-0.1824251264333725,-0.512224018573761,0.8392539620399475,0,0,0.37598899006843567,0,1,-0.9816369414329529,-0.055120453238487244,0.1826222985982895,0,-0.1906435340642929,0.25011923909187317,-0.9492599964141846,0,0.006646293215453625,-0.9666451215744019,-0.25603482127189636,0,0,0.286314994096756,0,1,0.9919140338897705,0.0014589353231713176,-0.12690269947052002,0,0.07403994351625443,0.8054788708686829,0.5879811644554138,0,0.103075310587883,-0.5926228165626526,0.7988580465316772,0,0,0.1424960047006607,0,1,-0.9751030206680298,-0.04141804948449135,-0.2178497314453125,0,0.07209794968366623,-0.9882429838180542,-0.13482612371444702,0,-0.2097042351961136,-0.1471758931875229,0.9666249752044678,0,0.11793199926614761,-0.060787998139858246,-0.013914000242948532,1,0.9898189902305603,0.1380239576101303,-0.03473988547921181,0,-0.1067100390791893,0.8811811208724976,0.4605797529220581,0,0.09418311715126038,-0.45218324661254883,0.8869378566741943,0,0,0.3760089874267578,0,1,-0.9763349294662476,0.1135198250412941,-0.18407602608203888,0,0.21237915754318237,0.3426462411880493,-0.9151439070701599,0,-0.04081404209136963,-0.9325810670852661,-0.3586466908454895,0,0,0.28599101305007935,0,1,0.9933250546455383,0,0.11535198241472244,0,-0.06906487047672272,0.8009498715400696,0.5947341918945312,0,-0.0923910140991211,-0.5987308025360107,0.7956030964851379,0,0,0.13997599482536316,0,1
K0.033,-0.9996129870414734,0.021036386489868164,-0.01818571798503399,0,0.02182663604617119,0.9987750053405762,-0.04440712183713913,0,0.01722928136587143,-0.04478688910603523,-0.9988479614257812,0,-0.0002819865185301751,0.7923020124435425,-0.013742998242378235,1,0.9999960064888,-0.0005829668371006846,0.0029241687152534723,0,0.00041402786155231297,0.9983490705490112,0.05744475498795509,0,-0.0029528255108743906,-0.05744323879480362,0.9983440041542053,0,0,0.10938599705696106,0.008566999807953835,1,0.9990429878234863,0.0019442293560132384,0.04369383677840233,0,-0.0008847771096043289,0.9997050166130066,-0.02425343170762062,0,-0.04372814670205116,0.024191584438085556,0.9987509846687317,0,0,0.12800799310207367,0,1,0.9990440011024475,0.000980102689936757,0.04369702562689781,0,0.00007509644638048485,0.9997090697288513,-0.024139907211065292,0,-0.043707963079214096,0.024120105430483818,0.998753011226654,0,0,0.1462949961423874,0,1,0.9996810555458069,0.016775915399193764,-0.018878605216741562,0,-0.018047071993350983,0.9974319934844971,-0.06931021064519882,0,0.017667390406131744,0.06962882727384567,0.9974169731140137,0,0,0.16458100080490112,0,1,0.9977700114250183,-0.06377231329679489,0.019723160192370415,0,0.0654916912317276,0.992372989654541,-0.1044321358203888,0,-0.012912845239043236,0.10549089312553406,0.9943360090255737,0,0,0.10778199881315231,-0.04061000049114227,1,0.10531860589981079,-0.011674093082547188,0.9943700432777405,0,-0.9943840503692627,-0.01168283075094223,0.10518297553062439,0,0.010389108210802078,-0.9998639822006226,-0.012838994152843952,0,-0.05946800112724304,0.14647400379180908,0.0025889999233186245,1,-0.9305728673934937,-0.34809067845344543,0.11342836171388626,0,0.0026806623209267855,0.3033375144004822,0.9528787732124329,0,-0.3660956025123596,0.8870280981063843,-0.2813446819782257,0,0,0.12572400271892548,0,1,0.8742210865020752,-0.48490196466445923,0.024658026173710823,0,0.48552602529525757,0.8732389211654663,-0.041440073400735855,0,-0.0014379756757989526,0.04819992929697037,0.9988370537757874,0,0,0.2891159951686859,0,1,0.9591030478477478,0.251328706741333,-0.13021239638328552,0,-0.2702142894268036,0.9499508738517761,-0.1567700207233429,0,0.0842946246266365,0.1855439692735672,0.979013979434967,0,0,0.30175700783729553,0,1,-0.06568952649831772,0.3385270833969116,0.9386609196662903,0,-0.03999892622232437,0.9390429258346558,-0.3414640724658966,0,-0.9970380663871765,-0.05997605249285698,-0.04814457893371582,0,0,0.0744360014796257,0,1,0.9187279939651489,0.3925020098686218,-0.043373871594667435,0,-0.25498393177986145,0.6735097765922546,0.6938062310218811,0,0.30153313279151917,-0.6263597011566162,0.7188541293144226,0,0,0.037973999977111816,0,1,0.9138219952583313,0.3176051378250122,-0.25309285521507263,0,-0.21650485694408417,0.9082551002502441,0.35804885625839233,0,0.34359121322631836,-0.2723971903324127,0.898746907711029,0,-0.009380999952554703,0.0392020009458065,-0.027820000424981117,1,-0.11270979791879654,-0.03099946863949299,-0.9931440353393555,0,0.9934110641479492,0.017376914620399475,-0.11328250914812088,0,0.02076946385204792,-0.9993680119514465,0.02883666753768921,0,0.05946800112724304,0.14629100263118744,0.00026199998683296144,1,-0.9308960437774658,0.3624352216720581,-0.04553075507283211,0,0.05805979669094086,0.2698670029640198,0.9611460566520691,0,0.3606402277946472,0.8920829892158508,-0.27226102352142334,0,0,0.12572400271892548,0,1,0.889181911945343,0.45735010504722595,-0.013672014698386192,0,-0.4575178921222687,0.8890901207923889,-0.013986372388899326,0,0.005758985411375761,0.01869162917137146,0.9998090863227844,0,0,0.2883880138397217,0,1,0.9671899676322937,-0.24591824412345886,-0.06377609074115753,0,0.24631474912166595,0.9691880345344543,-0.0016912429127842188,0,0.06222698464989662,-0.014073250815272331,0.997963011264801,0,0,0.3017599880695343,0,1,0.15876786410808563,-0.19929195940494537,-0.966992974281311,0,0.10371409356594086,0.9773640036582947,-0.18440084159374237,0,0.9818529486656189,-0.07101380825042725,0.1758432388305664,0,0,0.06465999782085419,0,1,0.845318078994751,-0.5339879393577576,0.017160311341285706,0,0.5053859949111938,0.8096319437026978,0.2984659969806671,0,-0.17327067255973816,-0.2436259537935257,0.9542660117149353,0,0,0.03412000089883804,0,1,0.893038809299469,-0.43268218636512756,0.1235613077878952,0,0.36304771900177,0.8550491333007812,0.37025201320648193,0,-0.2658526599407196,-0.2857910096645355,0.920677125453949,0,0.006159000098705292,0.05400099977850914,-0.017078999429941177,1,-0.9971349835395813,0.01474823523312807,0.07419281452894211,0,-0.02478676289319992,-0.9903631210327148,-0.1362617015838623,0,0.07146818935871124,-0.13771028816699982,0.9878910183906555,0,-0.11793199926614761,-0.060787998139858246,-0.01422599982470274,1,0.9800729751586914,-0.16498608887195587,0.11061882227659225,0,0.08069086074829102,0.8395489454269409,0.537259042263031,0,-0.18151013553142548,-0.5176270008087158,0.8361319303512573,0,0,0.37598899006843567,0,1,-0.9820650219917297,-0.0526079423725605,0.18105414509773254,0,-0.18846802413463593,0.24694305658340454,-0.9505259990692139,0,0.0052951485849916935,-0.9676010608673096,-0.2524290382862091,0,0,0.286314994096756,0,1,0.9919210076332092,0.0013688812032341957,-0.12684595584869385,0,0.07404587417840958,0.8056661486625671,0.5877248048782349,0,0.10300002247095108,-0.5923690795898438,0.7990558743476868,0,0,0.1424960047006607,0,1,-0.9747430682182312,-0.04168908670544624,-0.21940487623214722,0,0.07267393171787262,-0.9881620407104492,-0.1351056545972824,0,-0.21117515861988068,-0.14763832092285156,0.9662339091300964,0,0.11793199926614761,-0.060787998139858246,-0.013914000242948532,1,0.9896761178970337,0.13900059461593628,-0.03492267429828644,0,-0.10749144107103348,0.8810609579086304,0.4606260359287262,0,0.09479635208845139,-0.4521169662475586,0.8869069218635559,0,0,0.3760089874267578,0,1,-0.9755860567092896,0.11537376791238785,-0.1868731528520584,0,0.21569228172302246,0.3431532382965088,-0.9141788482666016,0,-0.04134611785411835,-0.9321671724319458,-0.359660804271698,0,0,0.28599101305007935,0,1,0.9933250546455383,0,0.11535198241472244,0,-0.0690649151802063,0.8009501695632935,0.5947349667549133,0,-0.0923910140991211,-0.5987311601638794,0.7956028580665588,0,0,0.13997599482536316,0,1
K0.067,-0.9995869994163513,0.022163841873407364,-0.018298814073204994,0,0.022969136014580727,0.9987210035324097,-0.04503863677382469,0,0.0172771867364645,-0.04544035717844963,-0.9988179802894592,0,0.001054986845701933,0.7921739816665649,-0.013582001440227032,1,0.9999960064888,-0.0003092477563768625,0.0026613438967615366,0,0.00015675745089538395,0.9983680844306946,0.05710883066058159,0,-0.002674661111086607,-0.05710817500948906,0.9983639121055603,0,0,0.10938599705696106,0.008566999807953835,1,0.9990689754486084,0.002278875093907118,0.04308929666876793,0,-0.0012041185982525349,0.9996880292892456,-0.024952052161097527,0,-0.043132711201906204,0.02487693354487419,0.998759925365448,0,0,0.12800799310207367,0,1,0.9990699887275696,0.0012981357285752892,0.04309702664613724,0,-0.00022685811563860625,0.9996910095214844,-0.02485293336212635,0,-0.04311599209904671,0.024820052087306976,0.9987619519233704,0,0,0.1462949961423874,0,1,0.999692976474762,0.016255158931016922,-0.018689032644033432,0,-0.017540855333209038,0.9973350763320923,-0.07082395255565643,0,0.01748797297477722,0.07113002240657806,0.9973139762878418,0,0,0.16458100080490112,0,1,0.9977229833602905,-0.06441500037908554,0.019968001171946526,0,0.06617198884487152,0.9922059774398804,-0.10558699071407318,0,-0.013010994531214237,0.10666798800230026,0.9942100644111633,0,0,0.10778199881315231,-0.04061000049114227,1,0.10448680073022842,-0.011634246446192265,0.9944580793380737,0,-0.9944780468940735,-0.011121056042611599,0.10435882210731506,0,0.009845251217484474,-0.9998700022697449,-0.012732021510601044,0,-0.05946800112724304,0.14647400379180908,0.0025889999233186245,1,-0.9307811260223389,-0.3475988507270813,0.11323190480470657,0,0.002640842692926526,0.3033338487148285,0.9528810977935791,0,-0.3655671179294586,0.8872219324111938,-0.28141921758651733,0,0,0.12572400271892548,0,1,0.8745001554489136,-0.4843997359275818,0.0246342271566391,0,0.4850233495235443,0.8735207319259644,-0.041397079825401306,0,-0.0014657741412520409,0.048149921000003815,0.9988390207290649,0,0,0.2891159951686859,0,1,0.9589340090751648,0.251380980014801,-0.13135308027267456,0,-0.27045002579689026,0.9499409198760986,-0.15642309188842773,0,0.08545590937137604,0.18552394211292267,0.9789170622825623,0,0,0.30175700783729553,0,1,-0.06575993448495865,0.33944064378738403,0.9383261799812317,0,-0.04036645218729973,0.9386869668960571,-0.34240013360977173,0,-0.9970190525054932,-0.060393091291189194,-0.048025984317064285,0,0,0.0744360014796257,0,1,0.9193979501724243,0.39090999960899353,-0.04356296360492706,0,-0.25383201241493225,0.6742798089981079,0.6934812068939209,0,0.3004620671272278,-0.6265268325805664,0.7191562056541443,0,0,0.037973999977111816,0,1,0.9142000675201416,0.3168809115886688,-0.2526340186595917,0,-0.21603907644748688,0.908484935760498,0.35774508118629456,0,0.34287697076797485,-0.2724718749523163,0.8989960551261902,0,-0.009380999952554703,0.0392020009458065,-0.027820000424981117,1,-0.11454995721578598,-0.031309548765420914,-0.9929239749908447,0,0.9932210445404053,0.016278956085443497,-0.1150975450873375,0,0.019767409190535545,-0.9993770122528076,0.02923254296183586,0,0.05946800112724304,0.14629100263118744,0.00026199998683296144,1,-0.9305087924003601,0.36341604590415955,-0.045636095106601715,0,0.058085888624191284,0.2694372534751892,0.9612649083137512,0,0.36163491010665894,0.8918139934539795,-0.2718227803707123,0,0,0.12572400271892548,0,1,0.8889220356941223,0.4578539729118347,-0.013679906725883484,0,-0.4580220580101013,0.8888300061225891,-0.01400232408195734,0,0.005748093128204346,0.01871267706155777,0.9998080134391785,0,0,0.2883880138397217,0,1,0.9671661257743835,-0.24502281844615936,-0.06748700141906738,0,0.24546422064304352,0.9694039225578308,-0.0017988572362810373,0,0.06586293131113052,-0.014825851656496525,0.9977189898490906,0,0,0.3017599880695343,0,1,0.1586388647556305,-0.2028554081916809,-0.9662728905677795,0,0.1053985208272934,0.9765531420707703,-0.18770967423915863,0,0.9816949963569641,-0.07206571102142334,0.17629998922348022,0,0,0.06465999782085419,0,1,0.8463572263717651,-0.5323386192321777,0.017156975343823433,0,0.5038063526153564,0.8106136918067932,0.2984701991081238,0,-0.17279502749443054,-0.24396879971027374,0.9542650580406189,0,0,0.03412000089883804,0,1,0.8941270112991333,-0.4306221008300781,0.12289202213287354,0,0.36133894324302673,0.8558699488639832,0.3700290024280548,0,-0.264521986246109,-0.2864469587802887,0.9208559989929199,0,0.006159000098705292,0.05400099977850914,-0.017078999429941177,1,-0.9971298575401306,0.014457945711910725,0.07431015372276306,0,-0.024534057825803757,-0.9903319478034973,-0.13652881979942322,0,0.07161784172058105,-0.13796016573905945,0.9878450036048889,0,-0.11793199926614761,-0.060787998139858246,-0.01422599982470274,1,0.9804499745368958,-0.16357679665088654,0.10936093330383301,0,0.07959824055433273,0.8380041718482971,0.5398266911506653,0,-0.179948091506958,-0.5205682516098022,0.8346418142318726,0,0,0.37598899006843567,0,1,-0.9825670719146729,-0.05009805038571358,0.17902889847755432,0,-0.18586698174476624,0.24489229917526245,-0.9515679478645325,0,0.0038288983050733805,-0.9682550430297852,-0.24993477761745453,0,0,0.286314994096756,0,1,0.9919200539588928,0.0013868793612346053,-0.1268576979637146,0,0.07404487580060959,0.8056280016899109,0.5877760052680969,0,0.10301528871059418,-0.5924199819564819,0.7990158796310425,0,0,0.1424960047006607,0,1,-0.9744869470596313,-0.04241891950368881,-0.22040128707885742,0,0.07320407032966614,-0.9883489608764648,-0.13344620168209076,0,-0.21217267215251923,-0.1461758017539978,0.9662381410598755,0,0.11793199926614761,-0.060787998139858246,-0.013914000242948532,1,0.9894670248031616,0.14018994569778442,-0.03606699779629707,0,-0.10822702944278717,0.8819130659103394,0.4588198959827423,0,0.09612996131181717,-0.4500840902328491,0.8877968788146973,0,0,0.3760089874267578,0,1,-0.974824070930481,0.11750857532024384,-0.18949687480926514,0,0.2189633697271347,0.34403496980667114,-0.913068950176239,0,-0.042099904268980026,-0.9315750598907471,-0.36110392212867737,0,0,0.28599101305007935,0,1,0.9933250546455383,0,0.11535196006298065,0,-0.06906493008136749,0.8009499311447144,0.5947352647781372,0,-0.09239103645086288,-0.5987318158149719,0.7956031560897827,0,0,0.13997599482536316,0,1
K0.100,-0.9995710253715515,0.022998875007033348,-0.018131833523511887,0,0.02381112426519394,0.9986609816551208,-0.04593198746442795,0,0.01705116592347622,-0.04634401202201843,-0.9987799525260925,0,0.002235000254586339,0.7919939756393433,-0.013288999907672405,1,0.9999970197677612,0.00005990184945403598,0.002400136785581708,0,-0.00019609829178079963,0.998386025428772,0.05678532272577286,0,-0.0023928636219352484,-0.05678567662835121,0.9983839988708496,0,0,0.10938599705696106,0.008566999807953835,1,0.9990940093994141,0.0027486728504300117,0.042460761964321136,0,-0.0016603271942585707,0.9996700882911682,-0.025645866990089417,0,-0.04251724109053612,0.025552133098244667,0.9987689256668091,0,0,0.12800799310207367,0,1,0.9990959763526917,0.0017479081870988011,0.04247361049056053,0,-0.0006620921194553375,0.999673068523407,-0.025565123185515404,0,-0.042504388839006424,0.025513876229524612,0.998769998550415,0,0,0.1462949961423874,0,1,0.9997000098228455,0.01592893898487091,-0.01859867386519909,0,-0.01724606193602085,0.997186005115509,-0.07295005023479462,0,0.017384326085448265,0.073248952627182,0.9971619844436646,0,0,0.16458100080490112,0,1,0.9976720213890076,-0.06512600183486938,0.020233793184161186,0,0.06692200154066086,0.9920370578765869,-0.10669265687465668,0,-0.013124206103384495,0.10779835283756256,0.994085967540741,0,0,0.10778199881315231,-0.04061000049114227,1,0.1036621555685997,-0.011579846031963825,0.9945449829101562,0,-0.994564950466156,-0.010990703478455544,0.10353629291057587,0,0.009731791913509369,-0.9998730421066284,-0.012656262144446373,0,-0.05946800112724304,0.14647400379180908,0.0025889999233186245,1,-0.9313890933990479,-0.3458378314971924,0.11362472176551819,0,0.003300802782177925,0.30409789085388184,0.9526349902153015,0,-0.3640102446079254,0.88764888048172,-0.2820919156074524,0,0,0.12572400271892548,0,1,0.8748630285263062,-0.4837440252304077,0.024603156372904778,0,0.4843669533729553,0.8738870024681091,-0.0413411520421505,0,-0.0015018442645668983,0.04808484762907028,0.9988420009613037,0,0,0.2891159951686859,0,1,0.9586859941482544,0.2518197298049927,-0.1323152631521225,0,-0.27099329233169556,0.9499219655990601,-0.15560100972652435,0,0.08650574088096619,0.18502900004386902,0.9789180159568787,0,0,0.30175700783729553,0,1,-0.06568104773759842,0.338392972946167,0.9387099146842957,0,-0.03944201394915581,0.9391261339187622,-0.341302752494812,0,-0.997061014175415,-0.05944173410534859,-0.048335861414670944,0,0,0.0744360014796257,0,1,0.9190670251846313,0.39169612526893616,-0.043469786643981934,0,-0.25440090894699097,0.6738998889923096,0.6936420798301697,0,0.3009912073612213,-0.6264448761940002,0.7190070748329163,0,0,0.037973999977111816,0,1,0.9140270352363586,0.3172139823436737,-0.2528448700904846,0,-0.21625308692455292,0.9083790183067322,0.3578849136829376,0,0.34320518374443054,-0.272438108921051,0.8988818526268005,0,-0.009380999952554703,0.0392020009458065,-0.027820000424981117,1,-0.11581756174564362,-0.03157792612910271,-0.9927681088447571,0,0.993087112903595,0.015539324842393398,-0.11634901911020279,0,0.019101032987236977,-0.9993800520896912,0.029559852555394173,0,0.05946800112724304,0.14629100263118744,0.00026199998683296144,1,-0.9300848245620728,0.3644256293773651,-0.04621688649058342,0,0.057402368634939194,0.2684507966041565,0.9615811109542847,0,0.36283212900161743,0.8916999697685242,-0.2706012427806854,0,0,0.12572400271892548,0,1,0.8885731101036072,0.4585307538509369,-0.013690950348973274,0,-0.45869922637939453,0.8884808421134949,-0.014023269526660442,0,0.005734048783779144,0.018740730360150337,0.9998080730438232,0,0,0.2883880138397217,0,1,0.9670679569244385,-0.2441718727350235,-0.07183733582496643,0,0.24464809894561768,0.9696090221405029,-0.0022260881960392,0,0.07019767165184021,-0.015422088094055653,0.9974139928817749,0,0,0.3017599880695343,0,1,0.15853673219680786,-0.2057289183139801,-0.9656821489334106,0,0.10704009979963303,0.9758679866790771,-0.1903260499238968,0,0.9815340638160706,-0.07319304347038269,0.17673219740390778,0,0,0.06465999782085419,0,1,0.8469058275222778,-0.5314663648605347,0.017156174406409264,0,0.5029706954956055,0.8111320734024048,0.29847225546836853,0,-0.17254380881786346,-0.24414874613285065,0.9542640447616577,0,0,0.03412000089883804,0,1,0.8949629068374634,-0.4290291666984558,0.12237393856048584,0,0.3600178360939026,0.8565002083778381,0.3698577880859375,0,-0.26349303126335144,-0.2869521677494049,0.9209938645362854,0,0.006159000098705292,0.05400099977850914,-0.017078999429941177,1,-0.9972960352897644,0.014217078685760498,0.07209530472755432,0,-0.02397492341697216,-0.99037104845047,-0.13634607195854187,0,0.06946267932653427,-0.13770590722560883,0.9880340695381165,0,-0.11793199926614761,-0.060787998139858246,-0.01422599982470274,1,0.9805730581283569,-0.162497878074646,0.10987082123756409,0,0.0778331384062767,0.8364601731300354,0.5424727201461792,0,-0.18005315959453583,-0.5233823657035828,0.8328577876091003,0,0,0.37598899006843567,0,1,-0.9830129742622375,-0.04800964146852493,0.17714416980743408,0,-0.1835143268108368,0.24269601702690125,-0.9525869488716125,0,0.0027411719784140587,-0.9689140319824219,-0.24738384783267975,0,0,0.286314994096756,0,1,0.9919160008430481,0.0014301134506240487,-0.12688472867012024,0,0.07404211908578873,0.805537760257721,0.5879002809524536,0,0.10305124521255493,-0.5925427079200745,0.7989201545715332,0,0,0.1424960047006607,0,1,-0.9743210673332214,-0.04334365576505661,-0.220954030752182,0,0.07383834570646286,-0.9885381460189819,-0.13168075680732727,0,-0.21271397173404694,-0.14461423456668854,0.9663539528846741,0,0.11793199926614761,-0.060787998139858246,-0.013914000242948532,1,0.9892999529838562,0.14120939373970032,-0.03666912391781807,0,-0.10895461589097977,0.8822559118270874,0.4579881429672241,0,0.0970238745212555,-0.449092835187912,0.8882020711898804,0,0,0.3760089874267578,0,1,-0.9742650985717773,0.11961081624031067,-0.1910538226366043,0,0.22118619084358215,0.34405094385147095,-0.9125269651412964,0,-0.043415822088718414,-0.9313010573387146,-0.3616528809070587,0,0,0.28599101305007935,0,1,0.9933250546455383,0,0.11535196006298065,0,-0.06906493008136749,0.8009499311447144,0.5947352647781372,0,-0.09239103645086288,-0.5987318158149719,0.7956031560897827,0,0,0.13997599482536316,0,1
K0.133,-0.9995540976524353,0.023997170850634575,-0.017789097502827644,0,0.02480785734951496,0.9985939860343933,-0.04684679955244064,0,0.016639895737171173,-0.04726722463965416,-0.9987441301345825,0,0.0032990097533911467,0.7915390133857727,-0.013030998408794403,1,0.9999979734420776,0.0005521887796930969,0.0020647214259952307,0,-0.000667822954710573,0.998405933380127,0.05643036961555481,0,-0.0020302694756537676,-0.056431617587804794,0.9984040260314941,0,0,0.10938599705696106,0.008566999807953835,1,0.9991229772567749,0.003329996019601822,0.041748374700546265,0,-0.0022290172055363655,0.9996489882469177,-0.02639060467481613,0,-0.041821613907814026,0.026274411007761955,0.9987800121307373,0,0,0.12800799310207367,0,1,0.999125063419342,0.0023078236263245344,0.04176487773656845,0,-0.0012081889435648918,0.9996520280838013,-0.026335259899497032,0,-0.04181111603975296,0.02626175433397293,0.9987800121307373,0,0,0.1462949961423874,0,1,0.9997180104255676,0.015123902820050716,-0.018308967351913452,0,-0.016467062756419182,0.997003972530365,-0.07558193802833557,0,0.017111020162701607,0.07586212456226349,0.9969719648361206,0,0,0.16458100080490112,0,1,0.9976269602775574,-0.06572306901216507,0.020521067082881927,0,0.06755292415618896,0.9919440150260925,-0.10715901106595993,0,-0.013312933035194874,0.10829098522663116,0.9940299987792969,0,0,0.10778199881315231,-0.04061000049114227,1,0.10069506615400314,-0.011447709053754807,0.9948519468307495,0,-0.9948779344558716,-0.010029755532741547,0.1005822941660881,0,0.008826677687466145,-0.9998840093612671,-0.012399018742144108,0,-0.05946800112724304,0.14647400379180908,0.0025889999233186245,1,-0.9326080083847046,-0.34233665466308594,0.11422489583492279,0,0.005118736531585455,0.30392923951148987,0.9526809453964233,0,-0.36085402965545654,0.8890630006790161,-0.28169459104537964,0,0,0.12572400271892548,0,1,0.8753378987312317,-0.48288804292678833,0.02456277422606945,0,0.4835098683834076,0.8743659853935242,-0.04126759245991707,0,-0.0015492247184738517,0.047999393194913864,0.9988459944725037,0,0,0.2891159951686859,0,1,0.9584289789199829,0.25251805782318115,-0.13284698128700256,0,-0.2716519832611084,0.9499760866165161,-0.1541096270084381,0,0.08728602528572083,0.18379132449626923,0.979081928730011,0,0,0.30175700783729553,0,1,-0.06549815833568573,0.335966020822525,0.939594030380249,0,-0.037333935499191284,0.9401320219039917,-0.3387608826160431,0,-0.9971540570259094,-0.05726690590381622,-0.049033962190151215,0,0,0.0744360014796257,0,1,0.9180310368537903,0.3941510319709778,-0.043177343904972076,0,-0.25617703795433044,0.6727110147476196,0.6941429376602173,0,0.30264270305633545,-0.626183032989502,0.718541145324707,0,0,0.037973999977111816,0,1,0.9134600162506104,0.3182979226112366,-0.25353091955184937,0,-0.21695011854171753,0.9080339670181274,0.35833919048309326,0,0.3442731201648712,-0.272324800491333,0.8985069990158081,0,-0.009380999952554703,0.0392020009458065,-0.027820000424981117,1,-0.11811482906341553,-0.0320667065680027,-0.9924820065498352,0,0.9928470253944397,0.013725273311138153,-0.11860176175832748,0,0.017425213009119034,-0.9993909597396851,0.03021620213985443,0,0.05946800112724304,0.14629100263118744,0.00026199998683296144,1,-0.9298861622810364,0.3647264540195465,-0.04781797528266907,0,0.05587043613195419,0.26852285861968994,0.9616519212722778,0,0.36358004808425903,0.8915550112724304,-0.2700730264186859,0,0,0.12572400271892548,0,1,0.8878949880599976,0.4598410129547119,-0.013711826875805855,0,-0.4600100517272949,0.887802004814148,-0.014064029790461063,0,0.0057061719708144665,0.018794970586895943,0.9998070001602173,0,0,0.2883880138397217,0,1,0.967030942440033,-0.24338017404079437,-0.07494790852069855,0,0.2438947856426239,0.9697989821434021,-0.0023489193990826607,0,0.07325610518455505,-0.016007930040359497,0.9971850514411926,0,0,0.3017599880695343,0,1,0.15855573117733002,-0.20522300899028778,-0.9657859802246094,0,0.10730291157960892,0.9759479761123657,-0.18976615369319916,0,0.9815018773078918,-0.07354318350553513,0.17676328122615814,0,0,0.06465999782085419,0,1,0.8459307551383972,-0.5330172777175903,0.01715877652168274,0,0.5044557452201843,0.810210108757019,0.2984688878059387,0,-0.17299123108386993,-0.24382807314395905,0.9542649388313293,0,0,0.03412000089883804,0,1,0.894815981388092,-0.4293089509010315,0.12246518582105637,0,0.3602500855922699,0.8563898801803589,0.369887113571167,0,-0.2636738419532776,-0.28686287999153137,0.9209701418876648,0,0.006159000098705292,0.05400099977850914,-0.017078999429941177,1,-0.9976339936256409,0.014194062910974026,0.06726391613483429,0,-0.02335893176496029,-0.9902269244194031,-0.1374930590391159,0,0.06465497612953186,-0.13873900473117828,0.988215982913971,0,-0.11793199926614761,-0.060787998139858246,-0.01422599982470274,1,0.9802179336547852,-0.1629800796508789,0.11229541152715683,0,0.07577891647815704,0.8331859707832336,0.5477770566940308,0,-0.18283963203430176,-0.5284311175346375,0.8290539979934692,0,0,0.37598899006843567,0,1,-0.9833009243011475,-0.04668830335140228,0.1758931279182434,0,-0.18196669220924377,0.2388639897108078,-0.9538511037826538,0,0.002519156550988555,-0.9699299931526184,-0.24337105453014374,0,0,0.286314994096756,0,1,0.9919139742851257,0.0014551470521837473,-0.1269000768661499,0,0.07404015213251114,0.8054860234260559,0.587971031665802,0,0.10307192802429199,-0.5926129817962646,0.7988659739494324,0,0,0.1424960047006607,0,1,-0.9741950035095215,-0.043932393193244934,-0.22139085829257965,0,0.07441961020231247,-0.9885440468788147,-0.1313067227602005,0,-0.21308617293834686,-0.14439429342746735,0.9663049578666687,0,0.11793199926614761,-0.060787998139858246,-0.013914000242948532,1,0.989206075668335,0.14202269911766052,-0.03605823218822479,0,-0.1097143292427063,0.8810130953788757,0.4601936340332031,0,0.09712576121091843,-0.4512704312801361,0.8870857954025269,0,0,0.3760089874267578,0,1,-0.9739357829093933,0.12145853787660599,-0.19156481325626373,0,0.22224946320056915,0.3422340750694275,-0.9129520654678345,0,-0.04532582685351372,-0.9317318797111511,-0.3603079617023468,0,0,0.28599101305007935,0,1,0.9933250546455383,0,0.11535179615020752,0,-0.0690644308924675,0.80094975233078,0.5947352051734924,0,-0.09239120036363602,-0.5987318158149719,0.7956030964851379,0,0,0.13997599482536316,0,1
