0.767,30,23,33
B0,mixamorig_Hips,-1,-0.9990190267562866,-0.028364097699522972,-0.033995311707258224,0,-0.026696916669607162,0.9984649419784546,-0.04853108525276184,0,0.035319678485393524,-0.047575920820236206,-0.998242974281311,0,-0.00010599999950500205,0.6658220291137695,-0.014814999885857105,1
B1,mixamorig_Spine,0,0.9870970845222473,-0.14274176955223083,0.07255803048610687,0,0.15805117785930634,0.7958621382713318,-0.5844847559928894,0,0.025684205815196037,0.5884111523628235,0.8081538081169128,0,0,0.10938599705696106,0.008566999807953835,1
B2,mixamorig_Spine1,1,0.9989749789237976,-0.035884175449609756,0.02758297324180603,0,0.03905181586742401,0.9914489984512329,-0.12451373040676117,0,-0.022879036143422127,0.12546324729919434,0.9918339252471924,0,0,0.12800799310207367,0,1
B3,mixamorig_Spine2,2,0.9991469979286194,-0.033217839896678925,0.024552110582590103,0,0.036046143621206284,0.9914339780807495,-0.12553298473358154,0,-0.020171869546175003,0.12631097435951233,0.9917860627174377,0,0,0.1462949961423874,0,1
B4,mixamorig_Neck,3,0.9981350302696228,0.03683092072606087,-0.0486917570233345,0,-0.03569807857275009,0.9990760087966919,0.02393392287194729,0,0.04952824488282204,-0.022151071578264236,0.9985269904136658,0,0,0.16458100080490112,0,1
B5,mixamorig_Head,4,0.950376033782959,0.24854303896427155,-0.18711678683757782,0,-0.08793691545724869,0.791543185710907,0.604752779006958,0,0.2984181046485901,-0.5582880973815918,0.7741197943687439,0,0,0.10778199881315231,-0.04061000049114227,1
B6,mixamorig_HeadTop_End,5,1,0,0,0,0,1,0,0,0,0,1,0,0,0.41888201236724854,-0.15782499313354492,1
B7,mixamorig_LeftShoulder,3,0.036082006990909576,0.023532193154096603,0.9990720152854919,0,-0.9864470362663269,-0.15928728878498077,0.03937796503305435,0,0.16006600856781006,-0.9869520664215088,0.01746578887104988,0,-0.05946800112724304,0.14647400379180908,0.0025889999233186245,1
B8,mixamorig_LeftArm,7,-0.8811920285224915,-0.40710675716400146,-0.24034126102924347,0,-0.47272205352783203,0.7525010704994202,0.4585588872432709,0,-0.005825374741107225,0.5176928639411926,-0.8555459976196289,0,0,0.12572400271892548,0,1
B9,mixamorig_LeftForeArm,8,0.8682280778884888,-0.49552595615386963,0.02516930177807808,0,0.4961639642715454,0.8671950101852417,-0.04234691709280014,0,-0.000842698325868696,0.049254924058914185,0.9987860321998596,0,0,0.2891159951686859,0,1
B10,mixamorig_LeftHand,9,0.517380952835083,-0.28537309169769287,0.8067710399627686,0,0.2790776789188385,0.9474830627441406,0.15617407858371735,0,-0.8089699149131775,0.14435029029846191,0.5698511004447937,0,0,0.30175700783729553,0,1
B11,mixamorig_LeftHandIndex1,10,-0.21040894091129303,0.24915868043899536,0.945328950881958,0,0.15400242805480957,0.9633508920669556,-0.21963118016719818,0,-0.9654070138931274,0.09937062859535217,-0.2410687804222107,0,0,0.0744360014796257,0,1
B12,mixamorig_LeftHandIndex2,11,0.986128032207489,0.15623264014720917,-0.05605589970946312,0,-0.08301421254873276,0.7566640973091125,0.6485129594802856,0,0.14373430609703064,-0.6348630785942078,0.7591367959976196,0,0,0.037973999977111816,0,1
B13,mixamorig_LeftHandIndex3,12,0.6339010000228882,0.646307110786438,-0.42480194568634033,0,-0.39685678482055664,0.7432470917701721,0.5385990738868713,0,0.66383296251297,-0.17283287644386292,0.7276360988616943,0,-0.009380999952554703,0.0392020009458065,-0.027820000424981117,1
B14,mixamorig_LeftHandIndex4,13,1,0,0,0,0,1,0,0,0,0,1,0,0.00007400000322377309,0.018495000898838043,-0.02383499965071678,1
B15,mixamorig_RightShoulder,3,0.0057631246745586395,-0.01599597930908203,-0.9998549818992615,0,0.9910179972648621,-0.13349439203739166,0.007847894914448261,0,-0.1336006224155426,-0.9909200668334961,0.015082938596606255,0,0.05946800112724304,0.14629100263118744,0.00026199998683296144,1
B16,mixamorig_RightArm,15,-0.4956960678100586,0.34614297747612,0.7965369820594788,0,0.7939620614051819,0.5523329377174377,0.254071980714798,0,-0.35200801491737366,0.7583618760108948,-0.5486131310462952,0,0,0.12572400271892548,0,1
B17,mixamorig_RightForeArm,16,0.8528999090194702,0.5218651294708252,-0.014781183563172817,0,-0.5220568180084229,0.8527611494064331,-0.015960006043314934,0,0.0042758481577038765,0.02132890187203884,0.999763011932373,0,0,0.2883880138397217,0,1
B18,mixamorig_RightHand,17,0.6764779090881348,0.32131800055503845,-0.6626700758934021,0,-0.40875616669654846,0.9122989773750305,0.02508571930229664,0,0.6126139760017395,0.2539006471633911,0.7484911680221558,0,0,0.3017599880695343,0,1
B19,mixamorig_RightHandIndex1,18,0.1881798952817917,0.34589388966560364,-0.9192090034484863,0,0.044418562203645706,0.9319750070571899,0.35979101061820984,0,0.9811299443244934,-0.10853543877601624,0.16001494228839874,0,0,0.06465999782085419,0,1
B20,mixamorig_RightHandIndex2,19,0.7812190651893616,-0.6241908073425293,0.00911134947091341,0,0.5924501419067383,0.7459349036216736,0.30427607893943787,0,-0.19672271609306335,-0.23230814933776855,0.9525400400161743,0,0,0.03412000089883804,0,1
B21,mixamorig_RightHandIndex3,20,0.9051460027694702,-0.409947007894516,0.11249018460512161,0,0.345069020986557,0.8630919456481934,0.3687799870967865,0,-0.24826985597610474,-0.2949831187725067,0.9226850867271423,0,0.006159000098705292,0.05400099977850914,-0.017078999429941177,1
B22,mixamorig_RightHandIndex4,21,1,0,0,0,0,1,0,0,0,0,1,0,-0.003602999961003661,0.015111999586224556,-0.011832999996840954,1
B23,mixamorig_LeftUpLeg,0,-0.9916628003120422,0.05602794513106346,0.11604326218366623,0,-0.1155378669500351,-0.7853658199310303,-0.6081540584564209,0,0.05706276372075081,-0.6164908409118652,0.7852910757064819,0,-0.11793199926614761,-0.060787998139858246,-0.01422599982470274,1
B24,mixamorig_LeftLeg,23,0.9876660108566284,-0.14637605845928192,-0.055585939437150955,0,0.032786063849925995,-0.1538001447916031,0.9875580072402954,0,-0.15310397744178772,-0.9771999716758728,-0.14710408449172974,0,0,0.37598899006843567,0,1
B25,mixamorig_LeftFoot,24,-0.9726489782333374,0.11957063525915146,0.19914035499095917,0,-0.16702060401439667,0.23578886687755585,-0.957344114780426,0,-0.16142527759075165,-0.964419960975647,-0.2093689739704132,0,0,0.286314994096756,0,1
B26,mixamorig_LeftToeBase,25,0.990291953086853,0.029009705409407616,-0.13594308495521545,0,0.07338472455739975,0.7214769721031189,0.6885391473770142,0,0.11805412918329239,-0.6918309330940247,0.7123439311981201,0,0,0.1424960047006607,0,1
B27,mixamorig_LeftToe_End,26,1,0,0,0,0,1,0,0,0,0,1,0,0,0.059445999562740326,0,1
B28,mixamorig_RightUpLeg,0,-0.9630539417266846,-0.1352928876876831,-0.23285706341266632,0,0.23894207179546356,-0.8281219601631165,-0.5070710182189941,0,-0.12423090636730194,-0.5439759492874146,0.8298530578613281,0,0.11793199926614761,-0.060787998139858246,-0.013914000242948532,1
B29,mixamorig_RightLeg,28,0.9941530227661133,-0.027778569608926773,0.10434620827436447,0,-0.09911374747753143,0.14873678982257843,0.9838970899581909,0,-0.04285140708088875,-0.9884871244430542,0.145114004611969,0,0,0.3760089874267578,0,1
B30,mixamorig_RightFoot,29,-0.9766148924827576,-0.019604885950684547,-0.2141011357307434,0,0.21495284140110016,-0.10917497426271439,-0.9705029726028442,0,-0.004347892943769693,-0.9938289523124695,0.11083606630563736,0,0,0.28599101305007935,0,1
B31,mixamorig_RightToeBase,30,0.9910640120506287,-0.026248415932059288,0.13077811896800995,0,-0.06814122200012207,0.7432259917259216,0.6655609607696533,0,-0.1146676242351532,-0.668524980545044,0.7347959876060486,0,0,0.13997599482536316,0,1
B32,mixamorig_RightToe_End,31,1,0,0,0,0,1,0,0,0,0,1,0,0,0.059007998555898666,0,1
@28,0,1,2,3,4,5,7,8,9,10,11,12,13,15,16,17,18,19,20,21,23,24,25,26,28,29,30,31
K0,-0.9990190267562866,-0.028364090248942375,-0.03399531543254852,0,-0.026696909219026566,0.9984649419784546,-0.04853108152747154,0,0.03531968221068382,-0.04757591709494591,-0.998242974281311,0,-0.00010599999950500205,0.6658220291137695,-0.014814999885857105,1,0.9870970249176025,-0.14274176955223083,0.07255812734365463,0,0.15805122256278992,0.7958621382713318,-0.5844847559928894,0,0.02568412758409977,0.5884111523628235,0.8081538081169128,0,0,0.10938599705696106,0.008566999807953835,1,0.9989749789237976,-0.035884179174900055,0.027582969516515732,0,0.03905181959271431,0.9914489984512329,-0.12451374530792236,0,-0.02287903055548668,0.12546326220035553,0.9918339252471924,0,0,0.12800799310207367,0,1,0.9991469979286194,-0.03321784734725952,0.024552121758461,0,0.03604615107178688,0.9914339780807495,-0.12553299963474274,0,-0.02017187885940075,0.12631098926067352,0.9917860627174377,0,0,0.1462949961423874,0,1,0.9981350302696228,0.03683092072606087,-0.0486917570233345,0,-0.03569807857275009,0.9990760087966919,0.023933926597237587,0,0.04952824488282204,-0.022151075303554535,0.9985269904136658,0,0,0.16458100080490112,0,1,0.950376033782959,0.24854308366775513,-0.187116801738739,0,-0.08793692290782928,0.7915431261062622,0.6047528386116028,0,0.29841816425323486,-0.5582881569862366,0.7741197347640991,0,0,0.10778199881315231,-0.04061000049114227,1,0.03608179837465286,0.023532254621386528,0.9990719556808472,0,-0.9864470362663269,-0.15928690135478973,0.03937770053744316,0,0.1600656807422638,-0.9869520664215088,0.017465965822339058,0,-0.05946800112724304,0.14647400379180908,0.0025889999233186245,1,-0.8811920881271362,-0.40710681676864624,-0.24034138023853302,0,-0.4727221429347992,0.7525010108947754,0.45855897665023804,0,-0.00582537055015564,0.517693042755127,-0.8555459976196289,0,0,0.12572400271892548,0,1,0.868228018283844,-0.495525985956192,0.02516932412981987,0,0.4961639940738678,0.8671950101852417,-0.04234699159860611,0,-0.0008426759741269052,0.04925500229001045,0.9987859725952148,0,0,0.2891159951686859,0,1,0.5173808336257935,-0.2853732705116272,0.8067709803581238,0,0.2790777385234833,0.9474830031394958,0.15617425739765167,0,-0.8089699745178223,0.14435026049613953,0.5698510408401489,0,0,0.30175700783729553,0,1,-0.2104087918996811,0.24915915727615356,0.9453288912773132,0,0.1540021449327469,0.963350772857666,-0.21963174641132355,0,-0.9654070734977722,0.09937027096748352,-0.24106864631175995,0,0,0.0744360014796257,0,1,0.986128032207489,0.15623266994953156,-0.05605576932430267,0,-0.08301432430744171,0.7566640973091125,0.6485129594802856,0,0.14373421669006348,-0.6348630785942078,0.7591368556022644,0,0,0.037973999977111816,0,1,0.6339008808135986,0.6463071703910828,-0.4248020052909851,0,-0.39685675501823425,0.7432470321655273,0.5385991334915161,0,0.6638330221176147,-0.17283284664154053,0.7276359796524048,0,-0.009380999952554703,0.0392020009458065,-0.027820000424981117,1,0.005763544235378504,-0.015995796769857407,-0.9998549818992615,0,0.9910179376602173,-0.1334945112466812,0.007848268374800682,0,-0.13360077142715454,-0.9909200072288513,0.015082723461091518,0,0.05946800112724304,0.14629100263118744,0.00026199998683296144,1,-0.49569615721702576,0.3461429178714752,0.7965370416641235,0,0.7939621210098267,0.5523328185081482,0.25407207012176514,0,-0.35200798511505127,0.7583619952201843,-0.5486131310462952,0,0,0.12572400271892548,0,1,0.8528999090194702,0.5218651294708252,-0.014781180769205093,0,-0.5220568180084229,0.8527611494064331,-0.015960056334733963,0,0.004275818821042776,0.021328944712877274,0.999763011932373,0,0,0.2883880138397217,0,1,0.6764780282974243,0.3213179111480713,-0.6626700162887573,0,-0.4087560772895813,0.9122989773750305,0.025085650384426117,0,0.6126139163970947,0.2539006471633911,0.7484912276268005,0,0,0.3017599880695343,0,1,0.18817993998527527,0.3458935618400574,-0.9192091822624207,0,0.04441855102777481,0.9319751262664795,0.3597906827926636,0,0.9811300039291382,-0.10853539407253265,0.1600150167942047,0,0,0.06465999782085419,0,1,0.7812190651893616,-0.6241908073425293,0.009111360646784306,0,0.5924502015113831,0.7459349632263184,0.3042759597301483,0,-0.19672264158725739,-0.2323080450296402,0.9525400400161743,0,0,0.03412000089883804,0,1,0.9051460027694702,-0.4099469780921936,0.1124901995062828,0,0.3450689911842346,0.8630920052528381,0.3687799274921417,0,-0.24826982617378235,-0.2949830889701843,0.9226851463317871,0,0.006159000098705292,0.05400099977850914,-0.017078999429941177,1,-0.9916628003120422,0.05602803826332092,0.11604327708482742,0,-0.11553795635700226,-0.7853658199310303,-0.6081540584564209,0,0.05706271901726723,-0.6164908409118652,0.7852911353111267,0,-0.11793199926614761,-0.060787998139858246,-0.01422599982470274,1,0.9876660108566284,-0.14637596905231476,-0.055585864931344986,0,0.03278603032231331,-0.15379995107650757,0.9875580072402954,0,-0.15310387313365936,-0.9772000312805176,-0.1471039056777954,0,0,0.37598899006843567,0,1,-0.9726489782333374,0.11957034468650818,0.1991400569677353,0,-0.16702035069465637,0.23578901588916779,-0.957344114780426,0,-0.16142494976520538,-0.964419960975647,-0.20936915278434753,0,0,0.286314994096756,0,1,0.990291953086853,0.029009660705924034,-0.1359429657459259,0,0.07338466495275497,0.7214770317077637,0.6885390877723694,0,0.11805400997400284,-0.6918308734893799,0.7123439908027649,0,0,0.1424960047006607,0,1,-0.9630539417266846,-0.1352929174900055,-0.2328570932149887,0,0.23894210159778595,-0.8281219601631165,-0.5070710182189941,0,-0.12423091381788254,-0.5439759492874146,0.8298530578613281,0,0.11793199926614761,-0.060787998139858246,-0.013914000242948532,1,0.9941530823707581,-0.027778385207057,0.10434582084417343,0,-0.09911338239908218,0.14873695373535156,0.9838970303535461,0,-0.042851176112890244,-0.9884870052337646,0.14511419832706451,0,0,0.3760089874267578,0,1,-0.9766148924827576,-0.019605029374361038,-0.21410124003887177,0,0.2149529606103897,-0.10917497426271439,-0.9705029726028442,0,-0.0043477630242705345,-0.9938290119171143,0.11083606630563736,0,0,0.28599101305007935,0,1,0.9910640120506287,-0.026248369365930557,0.13077828288078308,0,-0.06814136356115341,0.7432259321212769,0.6655609607696533,0,-0.11466771364212036,-0.668524980545044,0.7347959876060486,0,0,0.13997599482536316,0,1
K0.033,-0.9955239295959473,-0.05553595349192619,-0.0764734148979187,0,-0.053396519273519516,0.9981300234794617,-0.029743483290076256,0,0.07798226177692413,-0.025526944547891617,-0.996627926826477,0,-0.0014039892703294754,0.6727220416069031,0.06968186795711517,1,0.9917711019515991,-0.1278742253780365,0.006117281038314104,0,0.10813601315021515,0.8111923933029175,-0.5746945142745972,0,0.06852632761001587,0.570626974105835,0.8183450698852539,0,0,0.10938599705696106,0.008566999807953835,1,0.9996029734611511,-0.026000147685408592,0.010835735127329826,0,0.027070576325058937,0.9930610656738281,-0.11444497853517532,0,-0.007784955203533173,0.1146928071975708,0.993369996547699,0,0,0.12800799310207367,0,1,0.999688982963562,-0.023470906540751457,0.008432064205408096,0,0.024286819621920586,0.9930409789085388,-0.11523792147636414,0,-0.005668645724654198,0.11540684849023819,0.9933019876480103,0,0,0.1462949961423874,0,1,0.9979170560836792,0.04932703077793121,-0.0415765605866909,0,-0.04925122112035751,0.9987819790840149,0.0028456016443669796,0,0.04166628420352936,-0.0007919779745861888,0.9991310238838196,0,0,0.16458100080490112,0,1,0.9602901339530945,0.2378006875514984,-0.14592692255973816,0,-0.10350306332111359,0.7893350124359131,0.605175793170929,0,0.25909626483917236,-0.5660400986671448,0.7826032042503357,0,0,0.10778199881315231,-0.04061000049114227,1,0.005038243718445301,0.02705625630915165,0.9996209740638733,0,-0.9897210597991943,-0.14273454248905182,0.00885169766843319,0,0.14291998744010925,-0.9893911480903625,0.026059001684188843,0,-0.05946800112724304,0.14647400379180908,0.0025889999233186245,1,-0.9427086114883423,-0.2984609007835388,-0.14907130599021912,0,-0.33103784918785095,0.7813723087310791,0.5290293097496033,0,-0.04141435772180557,0.5480683445930481,-0.8354077339172363,0,0,0.12572400271892548,0,1,0.8283477425575256,-0.5594853162765503,0.028573373332619667,0,0.5602056980133057,0.826972484588623,-0.04781317338347435,0,0.0031213765032589436,0.055612917989492416,0.9984480142593384,0,0,0.2891159951686859,0,1,0.6285790801048279,-0.26138877868652344,0.7325050830841064,0,0.2595418095588684,0.958340048789978,0.11925756186246872,0,-0.7331619262695312,0.11515294015407562,0.670234203338623,0,0,0.30175700783729553,0,1,-0.2104089856147766,0.24915924668312073,0.9453299045562744,0,0.15400224924087524,0.9633508324623108,-0.21963156759738922,0,-0.9654070734977722,0.09937041252851486,-0.24106863141059875,0,0,0.0744360014796257,0,1,0.9861279726028442,0.15623284876346588,-0.05605626851320267,0,-0.08301414549350739,0.7566640973091125,0.6485128998756409,0,0.14373473823070526,-0.6348631381988525,0.7591369152069092,0,0,0.037973999977111816,0,1,0.6339008808135986,0.6463071703910828,-0.4248020052909851,0,-0.39685675501823425,0.7432470321655273,0.5385991334915161,0,0.6638330221176147,-0.17283284664154053,0.7276359796524048,0,-0.009380999952554703,0.0392020009458065,-0.027820000424981117,1,0.0025314621161669493,-0.015456156805157661,-0.9998770356178284,0,0.9945819973945618,-0.103876993060112,0.004123837687075138,0,-0.10392790287733078,-0.9944700598716736,0.015109403058886528,0,0.05946800112724304,0.14629100263118744,0.00026199998683296144,1,-0.46939775347709656,0.4046366810798645,0.7848156690597534,0,0.8060346245765686,0.5592596530914307,0.19374479353427887,0,-0.36051926016807556,0.7235316634178162,-0.5886660814285278,0,0,0.12572400271892548,0,1,0.8452448844909668,0.5341681838035583,-0.01501532457768917,0,-0.5343641638755798,0.8450958132743835,-0.016335146501660347,0,0.00396367534995079,0.02183086797595024,0.9997540712356567,0,0,0.2883880138397217,0,1,0.6198396682739258,0.33616289496421814,-0.7090793251991272,0,-0.4196782410144806,0.905522882938385,0.062433041632175446,0,0.6630755662918091,0.25888678431510925,0.7023595571517944,0,0,0.3017599880695343,0,1,0.18817995488643646,0.3458940386772156,-0.9192089438438416,0,0.04441801831126213,0.9319750070571899,0.3597910702228546,0,0.9811300039291382,-0.10853497684001923,0.16001518070697784,0,0,0.06465999782085419,0,1,0.781218945980072,-0.6241900324821472,0.009110935963690281,0,0.5924499034881592,0.7459352016448975,0.304275780916214,0,-0.19672206044197083,-0.23230820894241333,0.95253986120224,0,0,0.03412000089883804,0,1,0.9051458239555359,-0.4099474251270294,0.11249013245105743,0,0.34506961703300476,0.8630921244621277,0.3687800467014313,0,-0.2482699155807495,-0.2949829697608948,0.9226851463317871,0,0.006159000098705292,0.05400099977850914,-0.017078999429941177,1,-0.9935779571533203,0.029307974502444267,0.10929190367460251,0,-0.09835788607597351,-0.7012083530426025,-0.7061386108398438,0,0.05594092980027199,-0.7123537659645081,0.6995882391929626,0,-0.11793199926614761,-0.060787998139858246,-0.01422599982470274,1,0.9840888977050781,-0.1765677034854889,-0.01981254667043686,0,0.020850475877523422,0.004024774767458439,0.9997749328613281,0,-0.17644812166690826,-0.9842798709869385,0.007642253767699003,0,0,0.37598899006843567,0,1,-0.9761012196540833,0.07350921630859375,0.20450642704963684,0,-0.18455377221107483,0.21648575365543365,-0.9586831331253052,0,-0.11474476754665375,-0.9735141396522522,-0.1977456510066986,0,0,0.286314994096756,0,1,0.9918469786643982,0.0022843685001134872,-0.12741795182228088,0,0.07398639619350433,0.8037600517272949,0.5903348922729492,0,0.10376200079917908,-0.5949490666389465,0.7970379590988159,0,0,0.1424960047006607,0,1,-0.9512549638748169,-0.1884598582983017,-0.24412618577480316,0,0.27645018696784973,-0.8719465136528015,-0.4040848910808563,0,-0.13671109080314636,-0.451876163482666,0.881542444229126,0,0.11793199926614761,-0.060787998139858246,-0.013914000242948532,1,0.9893630146980286,-0.05652603507041931,0.13403676450252533,0,-0.12394031137228012,0.1548338085412979,0.9801347851753235,0,-0.07615656405687332,-0.9863218665122986,0.14618101716041565,0,0,0.3760089874267578,0,1,-0.9769120812416077,-0.02504621259868145,-0.21216849982738495,0,0.21349887549877167,-0.15075631439685822,-0.9652409553527832,0,-0.007810103241354227,-0.9882540106773376,0.1526230126619339,0,0,0.28599101305007935,0,1,0.988599956035614,-0.049933504313230515,0.14204318821430206,0,-0.06899017840623856,0.6883103847503662,0.7221285700798035,0,-0.13382823765277863,-0.7236960530281067,0.6770188808441162,0,0,0.13997599482536316,0,1
K0.067,-0.9907111525535583,-0.07789166271686554,-0.1114635318517685,0,-0.0779728814959526,0.9969490766525269,-0.003637240966781974,0,0.11140678822994232,0.005087678786367178,-0.9937620759010315,0,-0.00033001066185534,0.6803799271583557,0.15612314641475677,1,0.9927340149879456,-0.1042499765753746,-0.06010020151734352,0,0.05463779717683792,0.8355038166046143,-0.5467610955238342,0,0.10721374303102493,0.5395044088363647,0.8351287841796875,0,0,0.10938599705696106,0.008566999807953835,1,0.9998999834060669,-0.013060304336249828,-0.005400819703936577,0,0.012423969805240631,0.9944369792938232,-0.10459937155246735,0,0.006736875511705875,0.10452183336019516,0.9945000410079956,0,0,0.12800799310207367,0,1,0.9999189972877502,-0.010684247128665447,-0.00688990019261837,0,0.009900023229420185,0.994396984577179,-0.10524997860193253,0,0.007975811138749123,0.10517322272062302,0.9944220781326294,0,0,0.1462949961423874,0,1,0.997529923915863,0.061167266219854355,-0.034537412226200104,0,-0.061818499118089676,0.9979230165481567,-0.018113140016794205,0,0.033357735723257065,0.020203445106744766,0.9992390871047974,0,0,0.16458100080490112,0,1,0.971409797668457,0.21059629321098328,-0.10959886759519577,0,-0.10385998338460922,0.7921000719070435,0.6014909744262695,0,0.21348494291305542,-0.5729110836982727,0.7913259863853455,0,0,0.10778199881315231,-0.04061000049114227,1,-0.017450988292694092,0.03144124895334244,0.9993529915809631,0,-0.9925839304924011,-0.12080305814743042,-0.01353213470429182,0,0.12029944360256195,-0.9921779632568359,0.033316224813461304,0,-0.05946800112724304,0.14647400379180908,0.0025889999233186245,1,-0.977563738822937,-0.2005510777235031,-0.06440769135951996,0,-0.20069020986557007,0.7939148545265198,0.5739526748657227,0,-0.06397263705730438,0.5740016102790833,-0.8163514137268066,0,0,0.12572400271892548,0,1,0.7904646396636963,-0.6116811633110046,0.03180679306387901,0,0.6124687790870667,0.788764238357544,-0.0522737093269825,0,0.006886784918606281,0.0608011931180954,0.9981259703636169,0,0,0.2891159951686859,0,1,0.7398160099983215,-0.23107562959194183,0.6318829655647278,0,0.24385188519954681,0.9674069285392761,0.06826998293399811,0,-0.6270631551742554,0.10357857495546341,0.7720509171485901,0,0,0.30175700783729553,0,1,-0.21040910482406616,0.2491593211889267,0.945328950881958,0,0.15400330722332,0.9633510112762451,-0.21963170170783997,0,-0.9654070138931274,0.0993712916970253,-0.24106921255588531,0,0,0.0744360014796257,0,1,0.9861279726028442,0.15623289346694946,-0.05605616420507431,0,-0.0830140933394432,0.7566630840301514,0.6485129594802856,0,0.14373484253883362,-0.6348640322685242,0.759136974811554,0,0,0.037973999977111816,0,1,0.6339008808135986,0.6463071703910828,-0.4248020052909851,0,-0.39685675501823425,0.7432470321655273,0.5385991334915161,0,0.6638330221176147,-0.17283284664154053,0.7276359796524048,0,-0.009380999952554703,0.0392020009458065,-0.027820000424981117,1,0.0011358204064890742,-0.015066777355968952,-0.9998859167098999,0,0.9974959492683411,-0.07068595290184021,0.002198182512074709,0,-0.07071109116077423,-0.9973850250244141,0.014948826283216476,0,0.05946800112724304,0.14629100263118744,0.00026199998683296144,1,-0.4670509994029999,0.43869855999946594,0.7677282691001892,0,0.8046232461929321,0.5708977580070496,0.1632712483406067,0,-0.3666677474975586,0.6939883828163147,-0.6196258664131165,0,0,0.12572400271892548,0,1,0.8328089118003845,0.5533460378646851,-0.015395127236843109,0,-0.5535494685173035,0.8326443433761597,-0.016922127455472946,0,0.0034548728726804256,0.022614860907197,0.9997379779815674,0,0,0.2883880138397217,0,1,0.5701873898506165,0.3423325717449188,-0.7467897534370422,0,-0.42213431000709534,0.901939868927002,0.09114711731672287,0,0.7047614455223083,0.2632743716239929,0.6587843894958496,0,0,0.3017599880695343,0,1,0.18817999958992004,0.34589335322380066,-0.9192088842391968,0,0.04441938176751137,0.9319750666618347,0.35979071259498596,0,0.9811300039291382,-0.10853620618581772,0.16001486778259277,0,0,0.06465999782085419,0,1,0.781218945980072,-0.6241900324821472,0.009110935963690281,0,0.5924499034881592,0.7459352016448975,0.304275780916214,0,-0.19672206044197083,-0.23230820894241333,0.95253986120224,0,0,0.03412000089883804,0,1,0.9051460027694702,-0.4099469780921936,0.1124901995062828,0,0.3450689911842346,0.8630920052528381,0.3687799274921417,0,-0.24826982617378235,-0.2949830889701843,0.9226851463317871,0,0.006159000098705292,0.05400099977850914,-0.017078999429941177,1,-0.9945518970489502,0.021151626482605934,0.10207527130842209,0,-0.09299550950527191,-0.6224697232246399,-0.7770993113517761,0,0.047101881355047226,-0.7823584079742432,0.6210458278656006,0,-0.11793199926614761,-0.060787998139858246,-0.01422599982470274,1,0.9806040525436401,-0.19491061568260193,0.020601745694875717,0,0.01848623901605606,0.1966218501329422,0.9803054928779602,0,-0.19512265920639038,-0.960910439491272,0.19641131162643433,0,0,0.37598899006843567,0,1,-0.9817619919776917,0.017060985788702965,0.18934787809848785,0,-0.18276247382164001,0.18960446119308472,-0.9647009968757629,0,-0.0523599237203598,-0.9817119240760803,-0.18302826583385468,0,0,0.286314994096756,0,1,0.9919890761375427,0.0005310581182129681,-0.12631984055042267,0,0.07410302758216858,0.8074049353599548,0.5853250622749329,0,0.10230215638875961,-0.5899970531463623,0.8008978962898254,0,0,0.1424960047006607,0,1,-0.9363401532173157,-0.24767814576625824,-0.2488410770893097,0,0.31724491715431213,-0.9004886746406555,-0.2974500060081482,0,-0.15040674805641174,-0.3574580252170563,0.9217386245727539,0,0.11793199926614761,-0.060787998139858246,-0.013914000242948532,1,0.9856410622596741,-0.05160631611943245,0.16077369451522827,0,-0.14763003587722778,0.19876691699028015,0.9688640832901001,0,-0.08195598423480988,-0.9786871075630188,0.1882941722869873,0,0,0.3760089874267578,0,1,-0.9687888026237488,-0.0010261288844048977,-0.24788503348827362,0,0.24591177701950073,-0.12996724247932434,-0.960538923740387,0,-0.031231332570314407,-0.9915179014205933,0.12616336345672607,0,0,0.28599101305007935,0,1,0.9842031002044678,-0.08575618267059326,0.15488570928573608,0,-0.07293348759412766,0.6007778644561768,0.7960823774337769,0,-0.16132090985774994,-0.794803261756897,0.5850329995155334,0,0,0.13997599482536316,0,1
K0.100,-0.9873079657554626,-0.08604732155799866,-0.13349021971225739,0,-0.09104666858911514,0.995339035987854,0.03179888799786568,0,0.1301317811012268,0.04354912042617798,-0.9905401468276978,0,0.0026910000015050173,0.687637984752655,0.2461480051279068,1,0.9899390339851379,-0.07702676206827164,-0.1186939924955368,0,0.007309237960726023,0.8655621409416199,-0.5007477402687073,0,0.1413080096244812,0.4948422312736511,0.8574168682098389,0,0,0.10938599705696106,0.008566999807953835,1,0.9997860193252563,0.0003736093349289149,-0.0206990335136652,0,-0.0023553904611617327,0.9953979253768921,-0.09580140560865402,0,0.020567966625094414,0.09582959115505219,0.9951850771903992,0,0,0.12800799310207367,0,1,0.9997720122337341,0.00247425539419055,-0.021212777122855186,0,-0.0045087444595992565,0.9953320026397705,-0.09640467911958694,0,0.020875221118330956,0.09647831320762634,0.9951159954071045,0,0,0.1462949961423874,0,1,0.9969620704650879,0.07272094488143921,-0.027911001816391945,0,-0.07366104423999786,0.996694028377533,-0.034278083592653275,0,0.025325998663902283,0.03622991219162941,0.9990230202674866,0,0,0.16458100080490112,0,1,0.9834280014038086,0.16301032900810242,-0.07935383170843124,0,-0.08549267053604126,0.8029360771179199,0.5899019837379456,0,0.15987616777420044,-0.573341965675354,0.8035659790039062,0,0,0.10778199881315231,-0.04061000049114227,1,-0.03253938630223274,0.03658948838710785,0.9988009929656982,0,-0.9949809312820435,-0.09579811990261078,-0.02890552021563053,0,0.0946255549788475,-0.9947279691696167,0.03952302783727646,0,-0.05946800112724304,0.14647400379180908,0.0025889999233186245,1,-0.992506206035614,-0.12216897308826447,0.0027167510706931353,0,-0.0961870476603508,0.794753909111023,0.5992611646652222,0,-0.07537025213241577,0.5945088863372803,-0.8005491495132446,0,0,0.12572400271892548,0,1,0.7688559889793396,-0.6385350823402405,0.03365062549710274,0,0.6393579244613647,0.7669709920883179,-0.05456813797354698,0,0.009034622460603714,0.06346984952688217,0.9979429841041565,0,0,0.2891159951686859,0,1,0.825265109539032,-0.20589371025562286,0.5258768796920776,0,0.23329029977321625,0.9722979068756104,0.01457316055893898,0,-0.5143091082572937,0.11065515875816345,0.8504358530044556,0,0,0.30175700783729553,0,1,-0.21040910482406616,0.24915876984596252,0.9453300833702087,0,0.15400277078151703,0.9633510708808899,-0.21963100135326385,0,-0.9654070138931274,0.09937102347612381,-0.24106882512569427,0,0,0.0744360014796257,0,1,0.9861279726028442,0.15623284876346588,-0.05605626851320267,0,-0.08301414549350739,0.7566640973091125,0.6485128998756409,0,0.14373473823070526,-0.6348631381988525,0.7591369152069092,0,0,0.037973999977111816,0,1,0.6339008808135986,0.6463071703910828,-0.4248020052909851,0,-0.39685675501823425,0.7432470321655273,0.5385991334915161,0,0.6638330221176147,-0.17283284664154053,0.7276359796524048,0,-0.009380999952554703,0.0392020009458065,-0.027820000424981117,1,0.00533428555354476,-0.013961266726255417,-0.999888002872467,0,0.9991859197616577,-0.03990849107503891,0.005887780804187059,0,-0.03998624160885811,-0.9991060495376587,0.013737021014094353,0,0.05946800112724304,0.14629100263118744,0.00026199998683296144,1,-0.5054245591163635,0.43342646956443787,0.7461150884628296,0,0.7837144732475281,0.5923722982406616,0.18677906692028046,0,-0.3610229790210724,0.6791439652442932,-0.6390822529792786,0,0,0.12572400271892548,0,1,0.8139321208000183,0.580740749835968,-0.01597301848232746,0,-0.5809541940689087,0.8137428760528564,-0.017759988084435463,0,0.0026839799247682095,0.023735010996460915,0.9997149109840393,0,0,0.2883880138397217,0,1,0.539553701877594,0.3418521285057068,-0.7694281339645386,0,-0.41911783814430237,0.9016410112380981,0.106691375374794,0,0.7302206754684448,0.2649153470993042,0.6297600865364075,0,0,0.3017599880695343,0,1,0.18817995488643646,0.3458940386772156,-0.9192089438438416,0,0.04441801831126213,0.9319750070571899,0.3597910702228546,0,0.9811300039291382,-0.10853497684001923,0.16001518070697784,0,0,0.06465999782085419,0,1,0.781218945980072,-0.6241900324821472,0.009110935963690281,0,0.5924499034881592,0.7459352016448975,0.304275780916214,0,-0.19672206044197083,-0.23230820894241333,0.95253986120224,0,0,0.03412000089883804,0,1,0.9051460027694702,-0.4099469780921936,0.1124901995062828,0,0.3450689911842346,0.8630920052528381,0.3687799274921417,0,-0.24826982617378235,-0.2949830889701843,0.9226851463317871,0,0.006159000098705292,0.05400099977850914,-0.017078999429941177,1,-0.9936918616294861,0.029417051002383232,0.10821647197008133,0,-0.10615193843841553,-0.5579349994659424,-0.8230680227279663,0,0.0361655130982399,-0.8293629884719849,0.5575379729270935,0,-0.11793199926614761,-0.060787998139858246,-0.01422599982470274,1,0.9813140630722046,-0.18352946639060974,0.05778108164668083,0,0.023790549486875534,0.413731187582016,0.9100879430770874,0,-0.1909339278936386,-0.8917081356048584,0.4103667736053467,0,0,0.37598899006843567,0,1,-0.9895508885383606,-0.022647157311439514,0.14239205420017242,0,-0.14415985345840454,0.1726350635290146,-0.9743790030479431,0,-0.0025149397552013397,-0.9847249388694763,-0.17409592866897583,0,0,0.286314994096756,0,1,0.9921450018882751,-0.0014067571610212326,-0.12508833408355713,0,0.07424324005842209,0.8114128708839417,0.5797390341758728,0,0.10068266838788986,-0.5844718217849731,0.8051431775093079,0,0,0.1424960047006607,0,1,-0.925154983997345,-0.2903220057487488,-0.24454402923583984,0,0.33848798274993896,-0.9225408434867859,-0.1853242963552475,0,-0.1717980057001114,-0.25422871112823486,0.9517630934715271,0,0.11793199926614761,-0.060787998139858246,-0.013914000242948532,1,0.9819088578224182,-0.02311592362821102,0.18793649971485138,0,-0.17340892553329468,0.2888580560684204,0.9415359497070312,0,-0.0760514959692955,-0.9570930600166321,0.27962398529052734,0,0,0.3760089874267578,0,1,-0.9604559540748596,0.0370047427713871,-0.2759611904621124,0,0.27393776178359985,-0.051757872104644775,-0.9603540897369385,0,-0.04982082545757294,-0.9979739189147949,0.03957419469952583,0,0,0.28599101305007935,0,1,0.9779979586601257,-0.12857328355312347,0.1642850935459137,0,-0.0814162865281105,0.48981502652168274,0.8680159449577332,0,-0.19207289814949036,-0.862293004989624,0.4685699939727783,0,0,0.13997599482536316,0,1
K0.133,-0.9862801432609558,-0.08205106109380722,-0.14324890077114105,0,-0.09382885694503784,0.9925679564476013,0.07748942077159882,0,0.13582618534564972,0.08986716717481613,-0.9866490364074707,0,0.007461069151759148,0.6923199892044067,0.3408869802951813,1,0.9842838048934937,-0.04231668636202812,-0.17144864797592163,0,-0.037185657769441605,0.8994311690330505,-0.43547844886779785,0,0.17263410985469818,0.4350094199180603,0.8837212324142456,0,0,0.10938599705696106,0.008566999807953835,1,0.999303936958313,0.012837479822337627,-0.0350152850151062,0,-0.01588774286210537,0.9959700107574463,-0.0882740169763565,0,0.03374096751213074,0.08876892179250717,0.9954810738563538,0,0,0.12800799310207367,0,1,0.9992919564247131,0.014589044265449047,-0.03468381613492966,0,-0.017626170068979263,0.9958810806274414,-0.08893879503011703,0,0.03324342146515846,0.08948715776205063,0.99543297290802,0,0,0.1462949961423874,0,1,0.9961569309234619,0.08488738536834717,-0.021576110273599625,0,-0.08575087040662766,0.9953939318656921,-0.04286826774477959,0,0.017837760969996452,0.04455370828509331,0.9988480806350708,0,0,0.16458100080490112,0,1,0.9940600395202637,0.09591983258724213,-0.05142660439014435,0,-0.04964791610836983,0.8201324343681335,0.5700154304504395,0,0.0968523845076561,-0.5640762448310852,0.8200229406356812,0,0,0.10778199881315231,-0.04061000049114227,1,-0.04154862463474274,0.04220111295580864,0.9982449412345886,0,-0.9966949224472046,-0.0715584084391594,-0.038458965718746185,0,0.06980977952480316,-0.9965429902076721,0.045034777373075485,0,-0.05946800112724304,0.14647400379180908,0.0025889999233186245,1,-0.9962078332901001,-0.07424741238355637,0.045359984040260315,0,-0.031369399279356,0.7927741408348083,0.6087079644203186,0,-0.08115522563457489,0.6049768924713135,-0.7920969128608704,0,0,0.12572400271892548,0,1,0.7691192030906677,-0.6382198333740234,0.03362789750099182,0,0.6390419602394104,0.767236053943634,-0.0545414574444294,0,0.009008897468447685,0.06343850493431091,0.9979450106620789,0,0,0.2891159951686859,0,1,0.873569130897522,-0.19485096633434296,0.44599291682243347,0,0.23067313432693481,0.9726599454879761,-0.026873070746660233,0,-0.42856356501579285,0.1263541728258133,0.8946332335472107,0,0,0.30175700783729553,0,1,-0.21040910482406616,0.2491593211889267,0.945328950881958,0,0.15400330722332,0.9633510112762451,-0.21963170170783997,0,-0.9654070138931274,0.0993712916970253,-0.24106921255588531,0,0,0.0744360014796257,0,1,0.9861279726028442,0.15623284876346588,-0.05605626851320267,0,-0.08301414549350739,0.7566640973091125,0.6485128998756409,0,0.14373473823070526,-0.6348631381988525,0.7591369152069092,0,0,0.037973999977111816,0,1,0.6339008808135986,0.6463071703910828,-0.4248020052909851,0,-0.39685675501823425,0.7432470321655273,0.5385991334915161,0,0.6638330221176147,-0.17283284664154053,0.7276359796524048,0,-0.009380999952554703,0.0392020009458065,-0.027820000424981117,1,0.02285347506403923,-0.009615836665034294,-0.999692976474762,0,0.999226987361908,-0.031765423715114594,0.023148389533162117,0,-0.03197823092341423,-0.9994490146636963,0.008882427588105202,0,0.05946800112724304,0.14629100263118744,0.00026199998683296144,1,-0.5598914623260498,0.38985782861709595,0.7311175465583801,0,0.7536234259605408,0.6063264012336731,0.25381186604499817,0,-0.3443451523780823,0.6930941343307495,-0.6332826614379883,0,0,0.12572400271892548,0,1,0.8071058988571167,0.5901851654052734,-0.016181057319045067,0,-0.5904017686843872,0.8069071769714355,-0.018048012629151344,0,0.002404942875728011,0.024119984358549118,0.999705970287323,0,0,0.2883880138397217,0,1,0.5750482082366943,0.33440056443214417,-0.7466562986373901,0,-0.4170403480529785,0.9049868583679199,0.084121473133564,0,0.703844428062439,0.2630119025707245,0.6598696708679199,0,0,0.3017599880695343,0,1,0.18817995488643646,0.3458940386772156,-0.9192089438438416,0,0.04441801831126213,0.9319750070571899,0.3597910702228546,0,0.9811300039291382,-0.10853497684001923,0.16001518070697784,0,0,0.06465999782085419,0,1,0.781218945980072,-0.6241900324821472,0.009110935963690281,0,0.5924499034881592,0.7459352016448975,0.304275780916214,0,-0.19672206044197083,-0.23230820894241333,0.95253986120224,0,0,0.03412000089883804,0,1,0.9051460027694702,-0.4099469780921936,0.1124901995062828,0,0.3450689911842346,0.8630920052528381,0.3687799274921417,0,-0.24826982617378235,-0.2949830889701843,0.9226851463317871,0,0.006159000098705292,0.05400099977850914,-0.017078999429941177,1,-0.9924909472465515,0.044620245695114136,0.11388520151376724,0,-0.12068387866020203,-0.5087549686431885,-0.852410078048706,0,0.019904930144548416,-0.8597540259361267,0.5103200674057007,0,-0.11793199926614761,-0.060787998139858246,-0.01422599982470274,1,0.9830790758132935,-0.16339460015296936,0.08281709253787994,0,0.0373602919280529,0.6214330196380615,0.7825761437416077,0,-0.1793338656425476,-0.766239583492279,0.6170217990875244,0,0,0.37598899006843567,0,1,-0.9936310052871704,-0.05063292756676674,0.10066864639520645,0,-0.10813609510660172,0.1771850883960724,-0.9782189130783081,0,0.03169308602809906,-0.9828739762306213,-0.18153169751167297,0,0,0.286314994096756,0,1,0.9922270178794861,-0.0024477187544107437,-0.12441882491111755,0,0.07432329654693604,0.8135568499565125,0.5767151713371277,0,0.0998101755976677,-0.5814797282218933,0.8074151873588562,0,0,0.1424960047006607,0,1,-0.9202950596809387,-0.313203901052475,-0.23443394899368286,0,0.3401479423046112,-0.9366161227226257,-0.08396665006875992,0,-0.19327598810195923,-0.1570163518190384,0.9684991240501404,0,0.11793199926614761,-0.060787998139858246,-0.013914000242948532,1,0.9774749279022217,0.006113078445196152,0.2109612077474594,0,-0.19542934000492096,0.4036140441894531,0.8938134908676147,0,-0.07968296855688095,-0.9149084687232971,0.3957173824310303,0,0,0.3760089874267578,0,1,-0.9543488025665283,0.07904312759637833,-0.2880476713180542,0,0.2953172028064728,0.10505601018667221,-0.9496055841445923,0,-0.044798631221055984,-0.9913196563720703,-0.12360277026891708,0,0,0.28599101305007935,0,1,0.9703010320663452,-0.17757399380207062,0.16426533460617065,0,-0.09913506358861923,0.3275138735771179,0.9396311044692993,0,-0.22065328061580658,-0.9280098080635071,0.30018332600593567,0,0,0.13997599482536316,0,1
