0.767,30,23,41
B0,mixamorig_Hips,-1,0.998682975769043,0.03966899961233139,0.03252200037240982,0,-0.038093000650405884,0.998134970664978,-0.047710999846458435,0,-0.03435400128364563,0.0464089997112751,0.9983320236206055,0,0.0006910000229254365,0.6803159713745117,-0.017836999148130417,1
B1,mixamorig_Spine,0,0.9892870187759399,0.12811799347400665,0.0699789971113205,0,-0.14473000168800354,0.7980870008468628,0.5849019885063171,0,0.019088000059127808,-0.5887640118598938,0.8080800175666809,0,0,0.1048789992928505,-0.00846800021827221,1
B2,mixamorig_Spine1,1,0.999098002910614,0.03250100091099739,0.027327999472618103,0,-0.035721998661756516,0.9912459850311279,0.12710200250148773,0,-0.022957999259233475,-0.12796300649642944,0.9915130138397217,0,0,0.12275700271129608,0,1
B3,mixamorig_Spine2,2,0.9992499947547913,0.029763000085949898,0.024790000170469284,0,-0.03269999846816063,0.9912319779396057,0.12802599370479584,0,-0.020762000232934952,-0.12873999774456024,0.9914609789848328,0,0,0.14029400050640106,0,1
B4,mixamorig_Neck,3,0.998134970664978,-0.036713000386953354,-0.04878000169992447,0,0.035698000341653824,0.9991310238838196,-0.021526999771595,0,0.04952799901366234,0.019745999947190285,0.9985780119895935,0,0,0.15783099830150604,0,1
B5,mixamorig_Head,4,0.9503750205039978,-0.24854299426078796,-0.18711799383163452,0,0.08793599903583527,0.7915440201759338,-0.6047520041465759,0,0.2984200119972229,0.5582870244979858,0.7741199731826782,0,0,0.12161500006914139,0.04599099978804588,1
B6,mixamorig_HeadTop_End,5,1,0,0,0,0,1,0,0,0,0,1,0,0,0.40285199880599976,0.15234699845314026,1
B7,mixamorig_LeftShoulder,3,-0.03640799969434738,0.023465000092983246,-0.9990609884262085,0,0.9847589731216431,-0.169295996427536,-0.03986300155520439,0,-0.170073002576828,-0.9852859973907471,-0.016944000497460365,0,0.05946800112724304,0.139056995511055,-0.0026279999874532223,1
B8,mixamorig_LeftArm,7,0.879360020160675,0.4144600033760071,0.2344129979610443,0,-0.4760519862174988,0.7548620104789734,0.4511739909648895,0,0.01004400011152029,-0.5083370208740234,0.8611000180244446,0,0,0.1261260062456131,0,1
B9,mixamorig_LeftForeArm,8,0.8732470273971558,0.48672398924827576,0.023225000128149986,0,-0.48727700114250183,0.8723070025444031,0.04052099958062172,0,-0.0005370000144466758,-0.04670200124382973,0.9989089965820312,0,0,0.2891539931297302,0,1
B10,mixamorig_LeftHand,9,0.863864004611969,0.20478199422359467,0.46022099256515503,0,-0.19554400444030762,0.9783160090446472,-0.06826700270175934,0,-0.4642220139503479,-0.03102000057697296,0.8851760029792786,0,0,0.3011240065097809,0,1
B11,mixamorig_LeftHandThumb1,10,0.8195739984512329,0.5729029774665833,-0.00897900015115738,0,-0.5728179812431335,0.8196160197257996,0.010431000031530857,0,0.013334999792277813,-0.003406000090762973,0.999904990196228,0,-0.03675299882888794,0.039733998477458954,0,1
B12,mixamorig_LeftHandThumb2,11,0.9746720194816589,-0.20528799295425415,-0.08871600031852722,0,0.21816900372505188,0.9600110054016113,0.1754480004310608,0,0.04915099963545799,-0.1903589963912964,0.9804829955101013,0,-0.008639000356197357,0.04242999851703644,0,1
B13,mixamorig_LeftHandThumb3,12,0.9980239868164062,0.026100000366568565,-0.0571569986641407,0,-0.023360999301075935,0.99857097864151,0.0480629988014698,0,0.058329999446868896,-0.046633001416921616,0.9972079992294312,0,0.0020920000970363617,0.029895000159740448,0,1
B14,mixamorig_LeftHandThumb4,13,1,0,0,0,0,1,0,0,0,0,1,0,0.006546999793499708,0.020431999117136,0,1
B15,mixamorig_LeftHandIndex1,10,0.9994310140609741,-0.033282000571489334,0.0054720002226531506,0,0.03367700055241585,0.9936850070953369,-0.10703600198030472,0,-0.0018749999580904841,0.10715900361537933,0.9942399859428406,0,0,0.07330600172281265,0,1
B16,mixamorig_LeftHandIndex2,15,0.988523006439209,0.1453229933977127,0.04128099977970123,0,-0.13541899621486664,0.7312480211257935,0.668533980846405,0,0.06696700304746628,-0.6664519906044006,0.7425349950790405,0,-0.0002859999949578196,0.04616599902510643,0,1
B17,mixamorig_LeftHandIndex3,16,0.987188994884491,0.1572369933128357,0.027116000652313232,0,-0.1587110012769699,0.9501810073852539,0.2682670056819916,0,0.0164170004427433,-0.2691340148448944,0.9629629850387573,0,-0.0012700000079348683,0.03544500097632408,0,1
B18,mixamorig_LeftHandIndex4,17,1,0,0,0,0,1,0,0,0,0,1,0,0.0015569999814033508,0.02803800068795681,0,1
B19,mixamorig_RightShoulder,3,-0.007952000014483929,-0.015598000027239323,0.9998469948768616,0,-0.9896090030670166,-0.14343099296092987,-0.010107999667525291,0,0.14356699585914612,-0.9895370006561279,-0.014294999651610851,0,-0.05946800112724304,0.1388780027627945,-0.0004189999890513718,1
B20,mixamorig_RightArm,19,0.49269500374794006,-0.356330007314682,-0.7939019799232483,0,0.7967810034751892,0.5515040159225464,0.2469480037689209,0,0.3498449921607971,-0.7542369961738586,0.5556399822235107,0,0,0.1261260062456131,0,1
B21,mixamorig_RightForeArm,20,0.8582779765129089,-0.5129669904708862,-0.014972999691963196,0,0.5131679773330688,0.8581249713897705,0.016743000596761703,0,0.004259999841451645,-0.022053999826312065,0.9997479915618896,0,0,0.2885870039463043,0,1
B22,mixamorig_RightHand,21,0.9298679828643799,-0.29606300592422485,-0.2183859944343567,0,0.31306400895118713,0.9485669732093811,0.0470380000770092,0,0.19322699308395386,-0.11210700124502182,0.974727988243103,0,0,0.3011229932308197,0,1
B23,mixamorig_RightHandThumb1,22,0.653357982635498,-0.7089059948921204,0.26565998792648315,0,0.7068629860877991,0.6968910098075867,0.12118999660015106,0,-0.27104899287223816,0.10860399901866913,0.9564189910888672,0,0.021580999717116356,0.04083599895238876,0,1
B24,mixamorig_RightHandThumb2,23,0.8000779747962952,0.5994139909744263,-0.024018999189138412,0,-0.5971739888191223,0.7996199727058411,0.06317400187253952,0,0.05707300081849098,-0.03620100021362305,0.997713029384613,0,-0.00020900000527035445,0.0369499996304512,0,1
B25,mixamorig_RightHandThumb3,24,0.9778730273246765,-0.20911499857902527,-0.005996000021696091,0,0.20840300619602203,0.9762439727783203,-0.05930100008845329,0,0.018254000693559647,0.05674000084400177,0.9982219934463501,0,0.006146000232547522,0.03344700112938881,0,1
B26,mixamorig_RightHandThumb4,25,1,0,0,0,0,1,0,0,0,0,1,0,-0.005936000030487776,0.029539000242948532,0,1
B27,mixamorig_RightHandIndex1,22,0.9934430122375488,0.07220499962568283,-0.08864499628543854,0,-0.09559199959039688,0.9499030113220215,-0.2975679934024811,0,0.0627179965376854,0.3040899932384491,0.9505760073661804,0,0,0.05239399895071983,0,1
B28,mixamorig_RightHandIndex2,27,0.999800980091095,-0.019917000085115433,-0.0006189999985508621,0,0.019598999992012978,0.9773290157318115,0.21081599593162537,0,-0.003593999892473221,-0.21078599989414215,0.9775260090827942,0,-0.0001539999939268455,0.05113700032234192,0,1
B29,mixamorig_RightHandIndex3,28,0.9915300011634827,-0.12854300439357758,-0.018592000007629395,0,0.1290930062532425,0.9596289992332458,0.24989600479602814,0,-0.014281000010669231,-0.2501789927482605,0.968093991279602,0,0.0013310000067576766,0.04454199969768524,0,1
B30,mixamorig_RightHandIndex4,29,1,0,0,0,0,1,0,0,0,0,1,0,-0.0011769999982789159,0.03077000007033348,0,1
B31,mixamorig_LeftUpLeg,0,-0.9906150102615356,-0.054026998579502106,0.12555399537086487,0,0.12217000126838684,-0.7619069814682007,0.6360589861869812,0,0.0612960010766983,0.6454290151596069,0.7613570094108582,0,0.11794199794530869,-0.058329999446868896,0.014361999928951263,1
B32,mixamorig_LeftLeg,31,0.9913730025291443,0.12693099677562714,-0.03269299864768982,0,-0.015978999435901642,-0.13052399456501007,-0.991316020488739,0,-0.13009600341320038,0.9832860231399536,-0.12736999988555908,0,0,0.37615400552749634,0,1
B33,mixamorig_LeftFoot,32,0.9750049710273743,0.11253000050783157,-0.1915770024061203,0,0.15203499794006348,0.29086101055145264,0.9446089863777161,0,0.16201899945735931,-0.950124979019165,0.26648199558258057,0,0,0.312406986951828,0,1
B34,mixamorig_LeftToeBase,33,0.9906119704246521,0.02319899946451187,-0.13472199440002441,0,0.0783429965376854,0.7112680077552795,0.698540985584259,0,0.11202900111675262,-0.702538013458252,0.7027729749679565,0,0,0.1411529928445816,0,1
B35,mixamorig_LeftToe_End,34,1,0,0,0,0,1,0,0,0,0,1,0,0,0.060509998351335526,0,1
B36,mixamorig_RightUpLeg,0,-0.9584900140762329,0.15611900389194489,-0.2385849952697754,0,-0.2635219991207123,-0.8045570254325867,0.5322070121765137,0,-0.10886800289154053,0.5729870200157166,0.812300980091095,0,-0.11794199794530869,-0.058329999446868896,0.014223000034689903,1
B37,mixamorig_RightLeg,36,0.9959319829940796,0.04187599942088127,0.0797870010137558,0,0.07224799692630768,0.1580590009689331,-0.9847829937934875,0,-0.053849998861551285,0.9865409731864929,0.15439100563526154,0,0,0.37613898515701294,0,1
B38,mixamorig_RightFoot,37,0.9784839749336243,-0.019964000210165977,0.20535600185394287,0,-0.2063159942626953,-0.10378500074148178,0.9729660153388977,0,0.0018889999482780695,-0.9943990111351013,-0.10566999763250351,0,0,0.3120209872722626,0,1
B39,mixamorig_RightToeBase,38,0.9883149862289429,-0.025520000606775284,0.15027199685573578,0,-0.07777299731969833,0.7634609937667847,0.6411539912223816,0,-0.1310890018939972,-0.6453499794006348,0.7525550127029419,0,0,0.13944600522518158,0,1
B40,mixamorig_RightToe_End,39,1,0,0,0,0,1,0,0,0,0,1,0,0,0.059328000992536545,0,1
@34,0,1,2,3,4,5,7,8,9,10,11,12,13,15,16,17,19,20,21,22,23,24,25,27,28,29,31,32,33,34,36,37,38,39
K0,0.9986830353736877,0.0396687351167202,0.03252200409770012,0,-0.03809326887130737,0.9981350302696228,-0.0477108471095562,0,-0.03435399383306503,0.046409156173467636,0.9983319640159607,0,0.0006910000229254365,0.6803159713745117,-0.017836999148130417,1,0.9892870187759399,0.12811781466007233,0.06997845321893692,0,-0.14473018050193787,0.7980870604515076,0.5849019289016724,0,0.019087456166744232,-0.5887641310691833,0.8080800175666809,0,0,0.1048789992928505,-0.00846800021827221,1,0.999098002910614,0.03250092267990112,0.02732807584106922,0,-0.03572207689285278,0.9912460446357727,0.12710171937942505,0,-0.022957922890782356,-0.12796328961849213,0.9915129542350769,0,0,0.12275700271129608,0,1,0.9992499947547913,0.02976284734904766,0.024789893999695778,0,-0.032700154930353165,0.9912319779396057,0.12802574038505554,0,-0.020762106403708458,-0.12874023616313934,0.991460919380188,0,0,0.14029400050640106,0,1,0.998134970664978,-0.036713212728500366,-0.048780035227537155,0,0.03569778427481651,0.9991309642791748,-0.0215272456407547,0,0.04952796921133995,0.019745754078030586,0.9985780119895935,0,0,0.15783099830150604,0,1,0.9503749012947083,-0.24854283034801483,-0.18711848556995392,0,0.0879361480474472,0.7915440201759338,-0.6047519445419312,0,0.2984195649623871,0.5582870841026306,0.7741201519966125,0,0,0.12161500006914139,0.04599099978804588,1,-0.036407627165317535,0.023465292528271675,-0.999061107635498,0,0.9847590327262878,-0.16929619014263153,-0.03986269235610962,0,-0.17007263004779816,-0.9852861762046814,-0.016944069415330887,0,0.05946800112724304,0.139056995511055,-0.0026279999874532223,1,0.879360020160675,0.4144599139690399,0.2344130128622055,0,-0.4760519862174988,0.7548620104789734,0.4511738717556,0,0.010044028051197529,-0.5083370804786682,0.8611000180244446,0,0,0.1261260062456131,0,1,0.8732472062110901,0.4867236912250519,0.023225119337439537,0,-0.48727723956108093,0.8723068237304688,0.040521040558815,0,-0.0005368809215724468,-0.04670196399092674,0.9989089369773865,0,0,0.2891539931297302,0,1,0.8638638854026794,0.2047819197177887,0.46022120118141174,0,-0.1955440640449524,0.9783159494400024,-0.06826707720756531,0,-0.4642218053340912,-0.03102007694542408,0.8851761221885681,0,0,0.3011240065097809,0,1,0.8195739984512329,0.5729029774665833,-0.00897880271077156,0,-0.5728179812431335,0.8196160197257996,0.010431134141981602,0,0.013335196301341057,-0.003405865980312228,0.999904990196228,0,-0.03675299882888794,0.039733998477458954,0,1,0.9746720790863037,-0.20528772473335266,-0.08871598541736603,0,0.21816927194595337,0.9600110650062561,0.17544785141944885,0,0.04915100708603859,-0.19035913050174713,0.9804829359054565,0,-0.008639000356197357,0.04242999851703644,0,1,0.9980239868164062,0.026099640876054764,-0.05715710669755936,0,-0.023361358791589737,0.99857097864151,0.04806310310959816,0,0.05832988768815994,-0.04663288593292236,0.9972079396247864,0,0.0020920000970363617,0.029895000159740448,0,1,0.9994310140609741,-0.03328216075897217,0.0054719699546694756,0,0.03367684409022331,0.9936850070953369,-0.10703583806753159,0,-0.0018750297604128718,0.10715916007757187,0.9942399859428406,0,0,0.07330600172281265,0,1,0.9885230660438538,0.1453229933977127,0.04128086566925049,0,-0.13541899621486664,0.7312479019165039,0.6685341000556946,0,0.06696686148643494,-0.6664517521858215,0.7425351142883301,0,-0.0002859999949578196,0.04616599902510643,0,1,0.9871890544891357,0.1572369486093521,0.02711569331586361,0,-0.1587110459804535,0.9501809477806091,0.2682671546936035,0,0.01641668938100338,-0.2691338360309601,0.9629629850387573,0,-0.0012700000079348683,0.03544500097632408,0,1,-0.007952297106385231,-0.015597594901919365,0.9998469352722168,0,-0.9896090626716614,-0.1434309482574463,-0.010108397342264652,0,0.1435665488243103,-0.9895370602607727,-0.01429489441215992,0,-0.05946800112724304,0.1388780027627945,-0.0004189999890513718,1,0.49269503355026245,-0.35632991790771484,-0.7939019799232483,0,0.796781063079834,0.5515037775039673,0.24694833159446716,0,0.3498450219631195,-0.7542366981506348,0.5556403398513794,0,0,0.1261260062456131,0,1,0.8582779169082642,-0.5129671096801758,-0.01497297827154398,0,0.5131678581237793,0.8581250905990601,0.016743110492825508,0,0.004260022193193436,-0.02205389179289341,0.9997479319572449,0,0,0.2885870039463043,0,1,0.9298680424690247,-0.2960631549358368,-0.2183857560157776,0,0.3130638897418976,0.9485670328140259,0.047037623822689056,0,0.19322723150253296,-0.11210737377405167,0.9747278690338135,0,0,0.3011229932308197,0,1,0.6533580422401428,-0.7089059352874756,0.2656600773334503,0,0.7068629860877991,0.6968909502029419,0.12119051814079285,0,-0.2710488438606262,0.10860451310873032,0.9564189314842224,0,0.021580999717116356,0.04083599895238876,0,1,0.8000780344009399,0.5994138717651367,-0.024018704891204834,0,-0.5971741080284119,0.7996198534965515,0.06317411363124847,0,0.05707329511642456,-0.036200884729623795,0.997713029384613,0,-0.00020900000527035445,0.0369499996304512,0,1,0.9778730273246765,-0.20911499857902527,-0.005995823070406914,0,0.20840302109718323,0.9762439727783203,-0.059301380068063736,0,0.018254177644848824,0.056739624589681625,0.9982219934463501,0,0.006146000232547522,0.03344700112938881,0,1,0.9934430122375488,0.07220479100942612,-0.0886448547244072,0,-0.0955922082066536,0.9499030113220215,-0.29756781458854675,0,0.06271813809871674,0.3040901720523834,0.9505759477615356,0,0,0.05239399895071983,0,1,0.999800980091095,-0.019916577264666557,-0.0006188820116221905,0,0.019599419087171555,0.9773290753364563,0.21081578731536865,0,-0.0035938818473368883,-0.21078619360923767,0.9775259494781494,0,-0.0001539999939268455,0.05113700032234192,0,1,0.9915300011634827,-0.128542959690094,-0.01859195902943611,0,0.1290930211544037,0.9596289992332458,0.2498958706855774,0,-0.014280959032475948,-0.25017908215522766,0.9680939316749573,0,0.0013310000067576766,0.04454199969768524,0,1,-0.9906150102615356,-0.05402708798646927,0.12555396556854248,0,0.12216991931200027,-0.7619069218635559,0.6360591650009155,0,0.06129603087902069,0.6454288363456726,0.7613571286201477,0,0.11794199794530869,-0.058329999446868896,0.014361999928951263,1,0.9913730025291443,0.1269308626651764,-0.03269274905323982,0,-0.015979157760739326,-0.13052406907081604,-0.9913159012794495,0,-0.13009575009346008,0.9832860231399536,-0.12736976146697998,0,0,0.37615400552749634,0,1,0.9750049710273743,0.1125299260020256,-0.1915769726037979,0,0.1520349234342575,0.2908608019351959,0.9446091055870056,0,0.16201899945735931,-0.9501248598098755,0.2664822041988373,0,0,0.312406986951828,0,1,0.9906119704246521,0.023199332877993584,-0.13472190499305725,0,0.07834333181381226,0.71126788854599,0.6985411047935486,0,0.11202908307313919,-0.7025378942489624,0.7027730941772461,0,0,0.1411529928445816,0,1,-0.9584899544715881,0.1561189442873001,-0.23858514428138733,0,-0.26352205872535706,-0.8045572638511658,0.5322067737579346,0,-0.10886784642934799,0.5729873180389404,0.8123008012771606,0,-0.11794199794530869,-0.058329999446868896,0.014223000034689903,1,0.9959319233894348,0.04187602177262306,0.07978712022304535,0,0.07224801927804947,0.1580592691898346,-0.9847829341888428,0,-0.05384987220168114,0.9865409731864929,0.15439078211784363,0,0,0.37613898515701294,0,1,0.9784839749336243,-0.019963450729846954,0.20535601675510406,0,-0.20631544291973114,-0.10378455370664597,0.9729661345481873,0,0.0018890255596488714,-0.9943990111351013,-0.10567019879817963,0,0,0.3120209872722626,0,1,0.9883149862289429,-0.02551988512277603,0.15027198195457458,0,-0.07777287811040878,0.7634607553482056,0.6411542892456055,0,-0.1310890018939972,-0.6453496813774109,0.752555251121521,0,0,0.13944600522518158,0,1
K0.033,0.9953009486198425,0.060789138078689575,0.0753646045923233,0,-0.058739226311445236,0.9978479743003845,-0.029126565903425217,0,-0.076973095536232,0.02456287108361721,0.9967310428619385,0,-0.00024798489175736904,0.6869580745697021,-0.020471006631851196,1,0.9926440715789795,0.12094751745462418,0.005381413269788027,0,-0.10205784440040588,0.8120460510253906,0.5745999217033386,0,0.06512647867202759,-0.5709224343299866,0.8184162974357605,0,0,0.1048789992928505,-0.00846800021827221,1,0.9996439814567566,0.02441111020743847,0.010754136368632317,0,-0.025500647723674774,0.9928359985351562,0.11673106253147125,0,-0.007827558554708958,-0.11696373671293259,0.9931050539016724,0,0,0.12275700271129608,0,1,0.9997239708900452,0.021861856803297997,0.008577625267207623,0,-0.02271890453994274,0.9928119778633118,0.11750564724206924,0,-0.005947079975157976,-0.11766812950372696,0.9930349588394165,0,0,0.14029400050640106,0,1,0.9979169368743896,-0.04922688007354736,-0.04169539734721184,0,0.049251362681388855,0.9987859725952148,-0.00044002578943036497,0,0.04166644439101219,-0.00161444628611207,0.9991300106048584,0,0,0.15783099830150604,0,1,0.9602891802787781,-0.23780058324337006,-0.1459284871816635,0,0.10350214689970016,0.7893348336219788,-0.605175256729126,0,0.259097695350647,0.5660398006439209,0.7826032042503357,0,0,0.12161500006914139,0.04599099978804588,1,-0.005319434683769941,0.026986567303538322,-0.9996219873428345,0,0.9882040023803711,-0.1528528481721878,-0.009385249577462673,0,-0.1530483067035675,-0.9878798723220825,-0.025855081155896187,0,0.05946800112724304,0.139056995511055,-0.0026279999874532223,1,0.941292405128479,0.3050989806652069,0.14451099932193756,0,-0.33449167013168335,0.7849901914596558,0.5214465260505676,0,0.045653074979782104,-0.539171040058136,0.8409578800201416,0,0,0.1261260062456131,0,1,0.834008514881134,0.5511156320571899,0.026488112285733223,0,-0.5517423748970032,0.8327517509460449,0.0458817258477211,0,0.0032281146850436926,-0.05288036912679672,0.9985960125923157,0,0,0.2891539931297302,0,1,0.9236835241317749,0.1691340208053589,0.34380561113357544,0,-0.1642584502696991,0.9854580760002136,-0.0434887558221817,0,-0.3461616337299347,-0.016303136944770813,0.9380335211753845,0,0,0.3011240065097809,0,1,0.8195739984512329,0.5729029774665833,-0.00897880271077156,0,-0.5728179812431335,0.8196160197257996,0.010431134141981602,0,0.013335196301341057,-0.003405865980312228,0.999904990196228,0,-0.03675299882888794,0.039733998477458954,0,1,0.9746720790863037,-0.20528772473335266,-0.08871598541736603,0,0.21816927194595337,0.9600110650062561,0.17544785141944885,0,0.04915100708603859,-0.19035913050174713,0.9804829359054565,0,-0.008639000356197357,0.04242999851703644,0,1,0.9980239868164062,0.02609913982450962,-0.05715712159872055,0,-0.023360857740044594,0.99857097864151,0.048063088208436966,0,0.05832987651228905,-0.04663290083408356,0.9972079396247864,0,0.0020920000970363617,0.029895000159740448,0,1,0.9980530142784119,-0.06140541285276413,0.010896983556449413,0,0.062298063188791275,0.9735647439956665,-0.21975094079971313,0,0.002884977962821722,0.2200019657611847,0.9754947423934937,0,0,0.07330600172281265,0,1,0.9911370277404785,0.12911498546600342,0.03126025199890137,0,-0.12121676653623581,0.7827033996582031,0.6104775667190552,0,0.0543542318046093,-0.6088554859161377,0.791416347026825,0,-0.0002859999949578196,0.04616599902510643,0,1,0.987188994884491,0.1572374403476715,0.027115758508443832,0,-0.15871156752109528,0.9501810669898987,0.2682671844959259,0,0.016416754573583603,-0.2691338062286377,0.9629629850387573,0,-0.0012700000079348683,0.03544500097632408,0,1,-0.0046360730193555355,-0.014993350952863693,0.9998769164085388,0,-0.993478000164032,-0.11384829878807068,-0.006313642021268606,0,0.11392901837825775,-0.9933850765228271,-0.01436768937855959,0,-0.05946800112724304,0.1388780027627945,-0.0004189999890513718,1,0.46617478132247925,-0.41475945711135864,-0.7814439535140991,0,0.8089158535003662,0.5575054287910461,0.186661496758461,0,0.358240008354187,-0.7191399335861206,0.5954009890556335,0,0,0.1261260062456131,0,1,0.8507508635520935,-0.5253481864929199,-0.015217994339764118,0,0.5255542397499084,0.8505878448486328,0.017147168517112732,0,0.003936004359275103,-0.02258584462106228,0.999737024307251,0,0,0.2885870039463043,0,1,0.9061927199363708,-0.3120362162590027,-0.28539174795150757,0,0.33024898171424866,0.9437450766563416,0.016771921887993813,0,0.2641034424304962,-0.1094488576054573,0.9582638740539551,0,0,0.3011229932308197,0,1,0.6533580422401428,-0.7089059352874756,0.2656600773334503,0,0.7068629860877991,0.6968909502029419,0.12119051814079285,0,-0.2710488438606262,0.10860451310873032,0.9564189314842224,0,0.021580999717116356,0.04083599895238876,0,1,0.8000789284706116,0.5994141101837158,-0.02401822805404663,0,-0.5971738696098328,0.7996200919151306,0.06317394226789474,0,0.05707278102636337,-0.03620105981826782,0.997713029384613,0,-0.00020900000527035445,0.0369499996304512,0,1,0.9778730273246765,-0.20911499857902527,-0.005995823070406914,0,0.20840302109718323,0.9762439727783203,-0.059301380068063736,0,0.018254177644848824,0.056739624589681625,0.9982219934463501,0,0.006146000232547522,0.03344700112938881,0,1,0.9928469657897949,0.07796235382556915,-0.09042413532733917,0,-0.10309675335884094,0.9417948722839355,-0.3199893832206726,0,0.06021387130022049,0.3270229697227478,0.9430959820747375,0,0,0.05239399895071983,0,1,0.9999279379844666,-0.012022861279547215,0.00001086440261133248,0,0.011825017631053925,0.9836360216140747,0.1797778308391571,0,-0.0021721296943724155,-0.17976470291614532,0.983707070350647,0,-0.0001539999939268455,0.05113700032234192,0,1,0.9915300011634827,-0.12854309380054474,-0.018590960651636124,0,0.12909290194511414,0.9596289992332458,0.24989593029022217,0,-0.014281959272921085,-0.2501790523529053,0.968093991279602,0,0.0013310000067576766,0.04454199969768524,0,1,-0.9923088550567627,-0.033031053841114044,0.1192946806550026,0,0.10997990518808365,-0.6775262355804443,0.727229654788971,0,0.056804124265909195,0.734756588935852,0.6759482622146606,0,0.11794199794530869,-0.058329999446868896,0.014361999928951263,1,0.9876799583435059,0.15645726025104523,0.0031025861389935017,0,-0.0007758826250210404,0.02472219243645668,-0.9996938705444336,0,-0.15648603439331055,0.9873749613761902,0.024539001286029816,0,0,0.37615400552749634,0,1,0.9780631065368652,0.06773718446493149,-0.1969875991344452,0,0.17280274629592896,0.26424673199653625,0.9488480687141418,0,0.11632560938596725,-0.9620731472969055,0.246744766831398,0,0,0.312406986951828,0,1,0.9905839562416077,0.0021508459467440844,-0.13689304888248444,0,0.07673586905002594,0.8193402290344238,0.5681486129760742,0,0.11338392645120621,-0.57330322265625,0.8114598989486694,0,0,0.1411529928445816,0,1,-0.9469180107116699,0.2053546905517578,-0.2473377138376236,0,-0.2971712350845337,-0.8526156544685364,0.4298098087310791,0,-0.12262050807476044,0.48049622774124146,0.8683823347091675,0,-0.11794199794530869,-0.058329999446868896,0.014223000034689903,1,0.9909519553184509,0.07582908868789673,0.11074137687683105,0,0.09725233912467957,0.16295446455478668,-0.9818287491798401,0,-0.09249696880578995,0.9837148785591125,0.15410546958446503,0,0,0.37613898515701294,0,1,0.9780539274215698,-0.011307324282824993,0.20804718136787415,0,-0.20739687979221344,-0.14844465255737305,0.9669288396835327,0,0.019950106739997864,-0.9888559579849243,-0.14753183722496033,0,0,0.3120209872722626,0,1,0.9856709837913513,-0.04858062043786049,0.16153301298618317,0,-0.07963531464338303,0.7101671695709229,0.6995137929916382,0,-0.14869840443134308,-0.7023548483848572,0.6961231231689453,0,0,0.13944600522518158,0,1
K0.067,0.9907300472259521,0.07792585343122482,0.11127077788114548,0,-0.0780687928199768,0.9969429969787598,-0.003078435081988573,0,-0.11117053031921387,-0.005636877845972776,0.9937850832939148,0,0.0012599851470440626,0.694697916507721,-0.021174993366003036,1,0.9927460551261902,0.10420503467321396,-0.059975821524858475,0,-0.054802585393190384,0.8361817598342896,0.5457082390785217,0,0.10701612383127213,-0.5384622812271118,0.8358258605003357,0,0,0.1048789992928505,-0.00846800021827221,1,0.9998999238014221,0.013089030049741268,-0.005367488134652376,0,-0.012448211200535297,0.9943139553070068,0.1057552844285965,0,0.00672120600938797,-0.10567793250083923,0.9943779110908508,0,0,0.12275700271129608,0,1,0.9999189972877502,0.010724912397563457,-0.0068508777767419815,0,-0.00993532408028841,0.9942729473114014,0.10640545189380646,0,0.00795283168554306,-0.10632877051830292,0.994299054145813,0,0,0.14029400050640106,0,1,0.9975300431251526,-0.061083558946847916,-0.03468502685427666,0,0.0618182010948658,0.9978770017623901,0.020517051219940186,0,0.033358123153448105,-0.022610532119870186,0.9991880059242249,0,0,0.15783099830150604,0,1,0.9714099764823914,-0.21059732139110565,-0.10960022360086441,0,0.10385996103286743,0.7921000123023987,-0.6014910340309143,0,0.21348661184310913,0.5729109048843384,0.7913259863853455,0,0,0.12161500006914139,0.04599099978804588,1,0.017223866656422615,0.03136492893099785,-0.9993600845336914,0,0.9912989139556885,-0.13098900020122528,0.012973840348422527,0,-0.1304982453584671,-0.9908879995346069,-0.03334815055131912,0,0.05946800112724304,0.139056995511055,-0.0026279999874532223,1,0.9765517711639404,0.2064497023820877,0.06103992834687233,0,-0.2042025774717331,0.7984767556190491,0.5663357377052307,0,0.0681808739900589,-0.5655205249786377,0.8219112753868103,0,0,0.1261260062456131,0,1,0.796647310256958,0.6037197113037109,0.02959498018026352,0,-0.6044062972068787,0.7950894832611084,0.05026112124323845,0,0.006812972482293844,-0.05792778357863426,0.9982979893684387,0,0,0.2891539931297302,0,1,0.9698646664619446,0.1363879144191742,0.2018916755914688,0,-0.13759171962738037,0.9904559254646301,-0.008127465844154358,0,-0.20107321441173553,-0.019896075129508972,0.9793736934661865,0,0,0.3011240065097809,0,1,0.8195739984512329,0.5729029774665833,-0.00897880271077156,0,-0.5728179812431335,0.8196160197257996,0.010431134141981602,0,0.013335196301341057,-0.003405865980312228,0.999904990196228,0,-0.03675299882888794,0.039733998477458954,0,1,0.9746720790863037,-0.20528781414031982,-0.088716059923172,0,0.2181691974401474,0.9600098729133606,0.1754482537508011,0,0.049150947481393814,-0.19035975635051727,0.9804830551147461,0,-0.008639000356197357,0.04242999851703644,0,1,0.9980239868164062,0.026099640876054764,-0.05715710669755936,0,-0.023361358791589737,0.99857097864151,0.04806310310959816,0,0.05832988768815994,-0.04663288593292236,0.9972079396247864,0,0.0020920000970363617,0.029895000159740448,0,1,0.9962589740753174,-0.0845339447259903,0.017965180799365044,0,0.08590459078550339,0.9459531903266907,-0.31271952390670776,0,0.009441185742616653,0.3130926489830017,0.949675440788269,0,0,0.07330600172281265,0,1,0.99310302734375,0.11480691283941269,0.02377784065902233,0,-0.10844635963439941,0.8224225640296936,0.5584445595741272,0,0.04455786198377609,-0.5571715235710144,0.8292006254196167,0,-0.0002859999949578196,0.04616599902510643,0,1,0.9871879816055298,0.15723785758018494,0.02711586095392704,0,-0.15871214866638184,0.9501811265945435,0.2682676911354065,0,0.01641685888171196,-0.2691342532634735,0.9629628658294678,0,-0.0012700000079348683,0.03544500097632408,0,1,-0.0031425864435732365,-0.014536379836499691,0.9998889565467834,0,-0.9967309832572937,-0.08067407459020615,-0.0043055396527051926,0,0.08072783797979355,-0.9966349601745605,-0.014235309325158596,0,-0.05946800112724304,0.1388780027627945,-0.0004189999890513718,1,0.46371012926101685,-0.44876354932785034,-0.7639271020889282,0,0.807607114315033,0.5686677694320679,0.15616440773010254,0,0.3643399178981781,-0.6893682479858398,0.6261218190193176,0,0,0.1261260062456131,0,1,0.8385160565376282,-0.5446520447731018,-0.015617073513567448,0,0.544865608215332,0.8383351564407349,0.017777254804968834,0,0.003409925615414977,-0.02341572940349579,0.9997199773788452,0,0,0.2885870039463043,0,1,0.8833873867988586,-0.31980273127555847,-0.3425673544406891,0,0.3382991850376129,0.9410189390182495,-0.006104432977735996,0,0.32431453466415405,-0.11049765348434448,0.9394731521606445,0,0,0.3011229932308197,0,1,0.6533580422401428,-0.7089058756828308,0.26566028594970703,0,0.7068630456924438,0.6968909502029419,0.12119002640247345,0,-0.2710486650466919,0.1086050271987915,0.956419050693512,0,0.021580999717116356,0.04083599895238876,0,1,0.8000780940055847,0.5994138717651367,-0.02401820570230484,0,-0.5971741080284119,0.7996198534965515,0.06317394971847534,0,0.05707279592752457,-0.03620104864239693,0.997713029384613,0,-0.00020900000527035445,0.0369499996304512,0,1,0.9778730273246765,-0.2091139853000641,-0.005995850544422865,0,0.20840200781822205,0.9762439131736755,-0.05930136516690254,0,0.018254151567816734,0.05673963576555252,0.9982219934463501,0,0.006146000232547522,0.03344700112938881,0,1,0.9923669695854187,0.0822783038020134,-0.0918588861823082,0,-0.10872061550617218,0.9352810978889465,-0.3367927670478821,0,0.058203112334012985,0.34420886635780334,0.9370869994163513,0,0,0.05239399895071983,0,1,0.9999819993972778,-0.006049722898751497,0.00032045741681940854,0,0.005925395060330629,0.9877059459686279,0.15621058642864227,0,-0.0012615486048161983,-0.1562058925628662,0.9877240657806396,0,-0.0001539999939268455,0.05113700032234192,0,1,0.9915300011634827,-0.128542959690094,-0.01859195902943611,0,0.1290930211544037,0.9596289992332458,0.2498958706855774,0,-0.014280959032475948,-0.25017908215522766,0.9680939316749573,0,0.0013310000067576766,0.04454199969768524,0,1,-0.9930769205093384,-0.029255012050271034,0.11376424878835678,0,0.10846105217933655,-0.6002448797225952,0.7924282550811768,0,0.045103926211595535,0.7992814183235168,0.5992626547813416,0,0.11794199794530869,-0.058329999446868896,0.014361999928951263,1,0.9840970039367676,0.1723211258649826,0.04311646521091461,0,0.00517219677567482,0.21482716500759125,-0.9766383171081543,0,-0.17755791544914246,0.9613293409347534,0.21051938831806183,0,0,0.37615400552749634,0,1,0.9832720756530762,0.01360038761049509,-0.18163281679153442,0,0.17367087304592133,0.2305610328912735,0.9574340581893921,0,0.054898954927921295,-0.9729628562927246,0.22434231638908386,0,0,0.312406986951828,0,1,0.9907370805740356,0.00050026283133775,-0.13579285144805908,0,0.07675424218177795,0.8228669166564941,0.5630261898040771,0,0.11202120035886765,-0.5682340860366821,0.8152070045471191,0,0,0.1411529928445816,0,1,-0.9327051639556885,0.2592805325984955,-0.250669002532959,0,-0.33275163173675537,-0.8867207765579224,0.32094013690948486,0,-0.13905982673168182,0.382752925157547,0.9133246541023254,0,-0.11794199794530869,-0.058329999446868896,0.014223000034689903,1,0.9876301288604736,0.07258278131484985,0.13898831605911255,0,0.12118049710988998,0.20919416844844818,-0.9703362584114075,0,-0.09950533509254456,0.9751768708229065,0.19781102240085602,0,0,0.37613898515701294,0,1,0.9700289964675903,0.016535751521587372,0.24242578446865082,0,-0.23856867849826813,-0.12462523579597473,0.9630960822105408,0,0.046137869358062744,-0.9920660257339478,-0.11694514751434326,0,0,0.3120209872722626,0,1,0.9811199307441711,-0.08351380378007889,0.17444021999835968,0,-0.08483708649873734,0.6247068047523499,0.7762373089790344,0,-0.17380043864250183,-0.7763804197311401,0.6058269143104553,0,0,0.13944600522518158,0,1
K0.100,0.9871559739112854,0.08461392670869827,0.13551393151283264,0,-0.08965907990932465,0.9954720139503479,0.031559135764837265,0,-0.13223005831241608,-0.04330386593937874,0.9902730584144592,0,0.004528000019490719,0.7027869820594788,-0.0185100007802248,1,0.9895840883255005,0.07847917824983597,-0.1206837072968483,0,-0.008071822114288807,0.8672640323638916,0.4977840483188629,0,0.1437303125858307,-0.49162498116493225,0.8588640689849854,0,0,0.1048789992928505,-0.00846800021827221,1,0.9997860193252563,-0.00029193953378126025,-0.020696962252259254,0,0.0022530604619532824,0.9954939484596252,0.09479430317878723,0,0.02057603746652603,-0.09482069313526154,0.9952820539474487,0,0,0.12275700271129608,0,1,0.9997720122337341,-0.002413035836070776,-0.02121608518064022,0,0.004426964092999697,0.9954289793968201,0.09539690613746643,0,0.0208889152854681,-0.09546910226345062,0.995212972164154,0,0,0.14029400050640106,0,1,0.9969619512557983,-0.07265320420265198,-0.028086066246032715,0,0.07366079837083817,0.9966089725494385,0.03667931631207466,0,0.02532593347132206,-0.03863668814301491,0.9989320039749146,0,0,0.15783099830150604,0,1,0.9834281206130981,-0.16301068663597107,-0.07935483753681183,0,0.0854923278093338,0.8029359579086304,-0.5899020433425903,0,0.15987718105316162,0.5733420252799988,0.8035659193992615,0,0,0.12161500006914139,0.04599099978804588,1,0.03237665444612503,0.03650718927383423,-0.9988090395927429,0,0.9939570426940918,-0.10605145245790482,0.028343161568045616,0,-0.10489027947187424,-0.993690013885498,-0.03972017765045166,0,0.05946800112724304,0.139056995511055,-0.0026279999874532223,1,0.9918339848518372,0.12743425369262695,-0.00515131326392293,0,-0.09970873594284058,0.7999621629714966,0.5917077660560608,0,0.0795246884226799,-0.5863621830940247,0.806135892868042,0,0,0.1261260062456131,0,1,0.7753060460090637,0.6308059096336365,0.03136918693780899,0,-0.6315231323242188,0.7735759615898132,0.052516356110572815,0,0.008861185982823372,-0.060526639223098755,0.9981269836425781,0,0,0.2891539931297302,0,1,0.9909150004386902,0.11726494133472443,0.06585878133773804,0,-0.1194220557808876,0.9923960566520691,0.029818980023264885,0,-0.06186120584607124,-0.03741302341222763,0.9973829984664917,0,0,0.3011240065097809,0,1,0.8195739984512329,0.5729029774665833,-0.00897864531725645,0,-0.5728179812431335,0.8196160197257996,0.01043163426220417,0,0.013335353694856167,-0.0034063661005347967,0.999904990196228,0,-0.03675299882888794,0.039733998477458954,0,1,0.9746720790863037,-0.20528772473335266,-0.08871598541736603,0,0.21816927194595337,0.9600110650062561,0.17544785141944885,0,0.04915100708603859,-0.19035913050174713,0.9804829359054565,0,-0.008639000356197357,0.04242999851703644,0,1,0.9980239868164062,0.026099640876054764,-0.05715710669755936,0,-0.023361358791589737,0.99857097864151,0.04806310310959816,0,0.05832988768815994,-0.04663288593292236,0.9972079396247864,0,0.0020920000970363617,0.029895000159740448,0,1,0.9953269958496094,-0.09410708397626877,0.021633822470903397,0,0.09569491446018219,0.931367039680481,-0.35127902030944824,0,0.012908823788166046,0.35170799493789673,0.9360210299491882,0,0,0.07330600172281265,0,1,0.9938679337501526,0.10858538746833801,0.020886080339550972,0,-0.10283158719539642,0.8381810784339905,0.5356099009513855,0,0.040653079748153687,-0.5344730615615845,0.8442069888114929,0,-0.0002859999949578196,0.04616599902510643,0,1,0.9871879816055298,0.1572379320859909,0.027115879580378532,0,-0.15871207416057587,0.9501801133155823,0.26826757192611694,0,0.016416877508163452,-0.26913437247276306,0.962962806224823,0,-0.0012700000079348683,0.03544500097632408,0,1,-0.007249878253787756,-0.013369913212954998,0.9998840689659119,0,-0.9987210631370544,-0.04993104189634323,-0.007909056730568409,0,0.05003098025918007,-0.9986630082130432,-0.012990867719054222,0,-0.05946800112724304,0.1388780027627945,-0.0004189999890513718,1,0.5021446943283081,-0.44348499178886414,-0.7424101829528809,0,0.7868629693984985,0.5904451608657837,0.17950387299060822,0,0.3587448000907898,-0.674311101436615,0.6454499363899231,0,0,0.1261260062456131,0,1,0.819926917552948,-0.5722381472587585,-0.016223885118961334,0,0.5724619626998901,0.8197180032730103,0.0186773594468832,0,0.002611115574836731,-0.024601642042398453,0.9996940493583679,0,0,0.2885870039463043,0,1,0.8686708807945251,-0.32012301683425903,-0.3780621886253357,0,0.3387790322303772,0.9406909942626953,-0.018116982653737068,0,0.3614398241043091,-0.1123419925570488,0.9256030917167664,0,0,0.3011229932308197,0,1,0.6533581614494324,-0.7089059352874756,0.2656598389148712,0,0.7068631052970886,0.6968909502029419,0.12118981033563614,0,-0.2710481584072113,0.10860481858253479,0.9564189910888672,0,0.021580999717116356,0.04083599895238876,0,1,0.800078272819519,0.599414587020874,-0.024019036442041397,0,-0.5971744060516357,0.7996196746826172,0.0631747916340828,0,0.057073965668678284,-0.03620121255517006,0.997713029384613,0,-0.00020900000527035445,0.0369499996304512,0,1,0.9778730869293213,-0.20911496877670288,-0.005995270796120167,0,0.20840302109718323,0.9762439131736755,-0.05930182337760925,0,0.018253730610013008,0.0567401722073555,0.9982219934463501,0,0.006146000232547522,0.03344700112938881,0,1,0.9921079874038696,0.0845048800110817,-0.09263306111097336,0,-0.11162111163139343,0.9317720532417297,-0.3454587757587433,0,0.0571199394762516,0.3530721962451935,0.9338509440422058,0,0,0.05239399895071983,0,1,0.9999960064888,-0.002949945628643036,0.00042488574399612844,0,0.002858054358512163,0.989579975605011,0.14395391941070557,0,-0.0008451142930425704,-0.14395207166671753,0.9895839691162109,0,-0.0001539999939268455,0.05113700032234192,0,1,0.9915300011634827,-0.12854309380054474,-0.018590960651636124,0,0.12909290194511414,0.9596289992332458,0.24989593029022217,0,-0.014281959272921085,-0.2501790523529053,0.968093991279602,0,0.0013310000067576766,0.04454199969768524,0,1,-0.9918129444122314,-0.03902692720293999,0.12158490717411041,0,0.12326707690954208,-0.5411747097969055,0.8318261504173279,0,0.03333508223295212,0.8400038480758667,0.5415552258491516,0,0.11794199794530869,-0.058329999446868896,0.014361999928951263,1,0.9842349886894226,0.1576482653617859,0.0801759585738182,0,0.004071273375302553,0.43300288915634155,-0.9013829827308655,0,-0.17681807279586792,0.887499988079071,0.4255351424217224,0,0,0.37615400552749634,0,1,0.9905139803886414,-0.024524599313735962,-0.13520577549934387,0,0.13734138011932373,0.2082420140504837,0.9683870077133179,0,0.004406220745295286,-0.9777700901031494,0.20963482558727264,0,0,0.312406986951828,0,1,0.9909049272537231,-0.0013241000706329942,-0.13455915451049805,0,0.0767848864197731,0.826742947101593,0.5573149919509888,0,0.11050785332918167,-0.562578022480011,0.8193249702453613,0,0,0.1411529928445816,0,1,-0.9216989874839783,0.3010658025741577,-0.24460411071777344,0,-0.35271719098091125,-0.9128929376602173,0.20546773076057434,0,-0.16143791377544403,0.27565526962280273,0.9476028680801392,0,-0.11794199794530869,-0.058329999446868896,0.014223000034689903,1,0.984611988067627,0.04780437424778938,0.16809004545211792,0,0.1461183726787567,0.3024057149887085,-0.9419130682945251,0,-0.09585896134376526,0.95197993516922,0.2907671630382538,0,0,0.37613898515701294,0,1,0.9620401263237,0.05624306574463844,0.26704856753349304,0,-0.2650139331817627,-0.04110778495669365,0.9633680582046509,0,0.06516052782535553,-0.9975699782371521,-0.024642135947942734,0,0,0.3120209872722626,0,1,0.9748979210853577,-0.12534277141094208,0.1840183585882187,0,-0.09443677216768265,0.5156790614128113,0.8515609502792358,0,-0.20163162052631378,-0.8475640416145325,0.4908980131149292,0,0,0.13944600522518158,0,1
